UDD,AUDD,NRMA,AKTIV,ORD
0,0,0,1,0
1,1,0,1,0
2,2,0,1,0
141,141,0,0,0
144,144,0,0,0
145,145,0,0,0
146,146,0,0,0
148,148,0,0,0
150,150,0,0,0
151,151,0,0,0
152,152,0,0,0
153,153,0,0,0
154,154,0,0,0
155,155,0,0,0
156,156,0,0,0
159,159,0,0,0
161,161,0,0,0
162,162,0,0,0
163,163,0,0,0
164,164,0,0,0
165,165,0,0,0
167,167,0,0,0
170,170,0,0,0
171,171,0,0,0
172,172,0,0,0
173,173,0,0,0
174,174,0,0,0
175,175,0,0,0
176,176,0,0,0
177,177,0,0,0
179,179,0,0,0
200,200,72,1,0
205,205,24,1,0
210,210,24,1,0
215,215,36,1,0
220,220,0,1,0
239,239,0,1,0
253,253,0,1,0
254,254,0,1,0
255,255,0,1,0
258,258,0,1,0
260,260,0,1,0
275,275,0,1,0
280,280,0,1,0
285,285,0,1,0
290,290,0,1,0
299,299,0,1,8
300,300,48,1,0
320,320,18,1,0
339,339,36,1,0
353,353,44,1,0
354,354,48,1,0
355,355,48,1,0
358,358,36,1,0
360,360,42,1,0
375,375,40,1,0
380,380,40,1,0
385,385,36,1,0
390,390,30,1,0
400,400,24,1,0
425,425,24,1,0
430,430,36,1,0
439,439,24,1,0
459,459,24,1,0
475,475,24,1,0
480,480,24,1,0
485,485,24,1,0
490,490,24,1,0
495,495,24,1,0
500,500,42,1,0
520,520,36,1,0
525,525,42,1,0
530,530,42,1,0
539,539,36,1,0
545,545,48,1,0
559,559,42,1,0
575,575,42,1,0
580,580,57,1,0
585,585,36,1,0
590,590,48,1,0
595,595,30,1,0
600,600,60,1,0
620,620,60,1,0
625,625,60,1,0
630,630,60,1,0
639,639,60,1,0
645,645,60,1,0
659,659,60,1,0
675,675,60,1,0
680,680,60,1,0
690,690,60,1,0
695,695,49,1,0
700,700,36,1,0
702,702,36,1,0
703,703,36,1,0
704,704,36,1,0
705,705,36,1,0
706,706,36,1,0
707,707,36,1,0
708,708,36,1,0
709,709,36,1,0
720,720,36,1,0
721,721,36,1,0
722,722,36,1,0
723,723,36,1,0
724,724,36,1,0
725,725,36,1,0
726,726,36,1,0
728,728,36,1,0
729,729,36,1,0
800,800,24,1,1
802,802,36,1,1
803,803,60,1,1
805,805,12,1,1
806,806,24,1,1
806,807,12,1,2
806,5904,24,0,1
810,810,42,1,1
811,811,24,1,1
812,812,12,1,1
815,815,42,1,1
816,816,36,1,1
820,820,24,1,1
825,825,24,1,1
835,835,18,1,1
840,840,36,1,1
845,845,36,1,1
850,850,18,1,1
990,990,0,0,8
1006,1006,12,0,0
1007,1007,12,0,0
1008,1008,12,0,0
1009,1009,12,0,0
1010,1010,12,0,0
1011,1011,12,0,0
1021,1021,12,0,0
1022,1022,12,0,0
1023,1023,12,0,0
1031,1031,12,0,0
1032,1032,12,0,0
1040,1040,12,0,0
1041,1041,12,0,0
1042,1042,12,0,0
1049,1049,12,0,0
1051,1051,12,0,0
1052,1052,12,0,0
1061,1061,12,0,0
1062,1062,12,0,0
1064,1064,12,0,0
1069,1069,12,0,0
1070,1070,12,0,0
1071,1071,12,0,0
1072,1072,12,0,0
1073,1073,12,0,0
1080,1080,12,0,0
1081,1081,12,0,0
1082,1082,12,0,0
1083,1083,12,0,0
1084,1084,12,0,0
1090,1090,0,1,0
1095,1095,0,1,0
1097,1097,12,0,0
1098,1098,12,0,0
1099,1099,0,1,0
1100,1100,12,0,0
1101,1101,12,1,0
1102,1102,12,1,0
1103,1103,12,1,0
1104,1104,12,1,0
1105,1105,12,1,0
1106,1006,12,0,0
1106,1106,12,1,0
1107,1007,12,0,0
1107,1107,12,1,0
1108,1008,12,0,0
1108,1108,12,1,0
1109,1009,12,0,0
1109,1109,12,1,0
1110,1010,12,0,0
1110,1110,12,1,0
1111,1011,12,0,0
1111,1111,12,1,0
1114,1100,12,1,1
1114,1101,12,1,1
1114,1102,24,1,0
1114,1103,36,1,0
1114,1104,48,1,0
1114,1105,60,1,0
1114,1106,72,1,0
1114,1120,12,1,1
1114,1206,12,0,1
1115,1107,84,1,0
1115,1108,96,1,0
1115,1109,108,1,0
1115,1110,120,1,0
1115,1111,120,1,0
1115,1121,96,1,0
1115,1122,108,1,0
1115,1123,120,1,0
1115,1206,72,0,0
1115,1207,84,1,0
1115,1208,96,1,0
1115,1209,108,1,0
1115,1210,120,1,0
1115,1410,120,1,0
1115,1423,120,1,0
1115,1509,108,1,0
1115,1510,120,1,0
1115,1522,108,1,0
1115,1523,120,1,0
1115,1721,96,1,0
1115,1722,108,1,0
1115,1723,120,1,0
1116,1107,12,1,1
1116,1108,12,1,1
1116,1109,12,1,1
1116,1121,12,1,1
1116,1122,12,1,1
1116,1207,12,1,1
1116,1208,12,1,1
1116,1209,12,1,1
1116,1509,12,1,1
1116,1522,12,1,1
1116,1721,12,1,1
1116,1722,12,1,1
1116,2508,12,1,1
1116,2509,12,1,1
1117,1110,12,1,1
1117,1111,12,1,1
1117,1123,12,1,1
1117,1210,12,1,1
1117,1410,12,1,1
1117,1423,12,1,1
1117,1510,12,1,1
1117,1523,12,1,1
1117,1723,12,1,1
1117,2510,12,1,1
1117,2511,12,1,1
1120,1120,12,1,0
1121,1021,12,0,0
1121,1121,12,0,0
1122,1022,12,0,0
1122,1122,12,0,0
1123,1023,12,0,0
1123,1123,12,0,0
1140,1040,12,0,0
1140,1140,12,0,0
1141,1041,12,0,0
1141,1141,12,0,0
1142,1042,12,0,0
1142,1142,12,0,0
1143,1143,12,0,0
1144,1144,12,0,0
1145,1145,12,0,0
1146,1146,12,0,0
1149,1049,12,0,0
1149,1149,12,0,0
1151,1051,12,0,0
1151,1151,12,0,0
1152,1052,12,0,0
1152,1152,12,0,0
1153,1153,12,0,0
1154,1154,12,0,0
1155,1155,12,0,0
1161,1061,12,0,0
1161,1161,12,0,0
1162,1062,12,0,0
1162,1162,12,0,0
1163,1163,12,0,0
1164,1064,12,0,0
1164,1164,12,0,0
1165,1165,12,0,0
1169,1069,12,0,0
1169,1169,12,0,0
1171,1071,12,0,0
1171,1171,12,0,0
1172,1072,12,0,0
1172,1172,12,0,0
1173,1073,12,0,0
1173,1173,12,0,0
1174,1174,12,0,0
1175,1175,12,0,0
1179,1140,12,0,0
1179,1141,12,0,0
1179,1143,24,0,0
1179,1145,36,0,0
1179,1149,24,0,0
1179,1151,24,0,0
1179,1152,24,0,0
1179,1153,24,0,0
1179,1154,24,0,0
1179,1155,24,0,0
1179,1169,36,0,0
1179,1171,36,0,0
1179,1172,36,0,0
1179,1173,36,0,0
1179,1174,36,0,0
1179,1175,36,0,0
1179,1179,36,0,0
1181,1081,12,0,0
1181,1181,12,0,0
1182,1082,12,0,0
1182,1182,12,0,0
1183,1083,12,0,0
1183,1183,12,0,0
1184,1084,12,0,0
1184,1184,12,0,0
1185,1185,12,0,0
1189,1142,12,0,0
1189,1144,24,0,0
1189,1146,36,0,0
1189,1161,24,0,0
1189,1162,24,0,0
1189,1163,24,0,0
1189,1164,24,0,0
1189,1165,24,0,0
1189,1181,36,0,0
1189,1182,36,0,0
1189,1183,36,0,0
1189,1184,36,0,0
1189,1185,36,0,0
1189,1189,36,0,0
1190,1190,0,1,8
1195,1195,0,1,8
1196,1196,12,0,0
1197,1197,12,0,0
1198,1198,12,0,0
1199,1196,12,1,0
1199,1197,24,1,0
1199,1198,36,1,0
1206,1206,12,0,0
1207,1207,12,0,0
1208,1208,12,0,0
1209,1209,12,0,0
1210,1210,12,0,0
1301,1301,0,1,8
1302,1302,0,1,8
1303,1303,0,1,8
1303,1304,0,1,8
1305,1305,0,1,8
1351,1351,0,1,8
1352,1352,0,1,8
1353,1353,0,1,8
1354,1354,0,1,8
1355,1355,0,1,8
1356,1356,0,1,8
1357,1357,0,1,8
1359,1359,0,1,8
1365,1365,3,1,8
1410,1410,12,0,0
1423,1423,12,0,0
1509,1509,12,0,0
1510,1510,12,0,0
1511,1511,6,1,8
1522,1522,12,0,0
1523,1523,12,0,0
1531,1031,12,0,0
1531,1531,12,0,0
1532,1032,12,0,0
1532,1532,12,0,0
1532,1536,12,0,0
1533,1533,12,0,0
1535,1535,12,0,0
1536,1536,12,0,0
1537,1537,12,0,0
1539,1531,12,1,0
1539,1532,24,1,0
1539,1536,24,0,0
1539,1539,24,0,0
1540,1533,36,0,0
1540,1535,12,0,0
1540,1536,24,0,0
1540,1537,36,0,0
1540,1540,36,0,0
1541,1541,12,0,0
1542,1542,12,0,0
1543,1541,12,0,0
1543,1542,24,0,0
1543,1543,24,0,0
1549,1549,24,1,8
1551,1551,12,0,0
1552,1552,12,0,0
1553,1553,12,0,0
1555,1555,12,0,0
1559,1559,12,0,0
1561,1561,12,0,0
1562,1562,12,0,0
1563,1563,12,0,0
1565,1565,12,0,0
1569,1569,12,0,0
1650,1650,12,0,0
1651,1651,12,0,0
1652,1650,12,1,0
1652,1651,24,1,0
1652,1652,24,0,0
1671,1671,12,0,0
1672,1672,12,0,0
1673,1673,12,0,0
1679,1679,12,0,0
1681,1681,12,0,0
1682,1682,12,0,0
1683,1683,12,0,0
1689,1689,12,0,0
1721,1721,12,0,0
1722,1722,12,0,0
1723,1723,12,0,0
1879,1551,12,0,0
1879,1552,12,0,0
1879,1553,12,0,0
1879,1555,12,0,0
1879,1559,12,0,0
1879,1671,24,0,0
1879,1672,24,0,0
1879,1673,24,0,0
1879,1679,24,0,0
1879,1879,24,0,0
1880,1881,12,1,0
1880,1882,24,1,0
1880,1883,36,1,0
1889,1561,12,0,0
1889,1562,12,0,0
1889,1563,12,0,0
1889,1565,12,0,0
1889,1569,12,0,0
1889,1681,24,0,0
1889,1682,24,0,0
1889,1683,24,0,0
1889,1689,24,0,0
1889,1889,24,0,0
1891,1891,12,1,0
1892,1892,12,0,0
1893,1893,12,0,0
1894,1896,12,1,1
1894,1897,24,1,1
1894,1898,36,1,1
1895,1896,12,1,1
1895,1897,24,1,1
1895,1898,36,1,1
1899,1891,12,0,0
1899,1892,24,1,0
1899,1893,36,1,0
1899,1899,36,0,0
1901,1901,0,1,0
1983,1983,0,1,1
1984,1984,0,1,1
1985,1985,0,1,1
2003,2003,6,0,1
2004,2005,6,1,1
2004,2008,36,1,1
2004,2015,36,1,1
2004,2016,36,1,1
2005,2005,12,1,1
2007,2007,12,0,1
2008,2008,5,1,1
2009,2009,3,0,1
2010,2010,2,0,1
2013,2008,3,1,1
2015,2015,6,0,1
2016,2015,12,1,1
2016,2016,6,0,1
2016,2021,18,1,1
2016,2022,6,1,1
2017,2017,12,0,1
2017,2021,18,1,1
2017,2027,18,1,1
2018,2018,24,1,1
2019,2019,12,1,1
2021,2017,12,1,1
2021,2021,12,1,1
2022,2016,6,1,1
2022,2022,6,1,1
2027,2017,18,1,1
2027,2027,18,1,1
2028,2028,3,1,1
2029,2029,6,0,1
2401,2401,12,0,0
2411,2411,6,1,0
2413,2413,6,0,0
2414,2414,6,0,0
2415,2415,6,0,0
2417,2417,6,0,0
2419,2419,6,0,0
2421,2421,6,1,0
2425,2425,36,1,0
2428,2428,0,1,0
2431,2431,6,1,0
2432,2432,6,0,0
2441,2441,5,1,0
2442,2442,5,1,0
2443,2443,5,0,0
2444,2444,5,0,0
2445,2445,5,1,0
2446,2446,5,0,0
2447,2447,5,1,0
2459,2459,2,1,1
2460,2460,5,1,1
2461,2461,5,0,1
2462,2462,2,0,1
2469,2469,12,1,1
2470,2470,36,0,1
2471,2471,1,0,1
2473,2473,30,0,1
2475,2475,12,0,1
2476,2476,12,0,1
2477,2477,12,0,1
2478,2478,12,0,1
2479,2479,12,0,1
2480,2480,12,0,1
2481,2481,6,0,1
2483,2483,12,0,1
2484,2484,12,0,1
2485,2459,2,1,1
2485,2460,5,1,1
2485,2485,6,1,1
2486,2486,6,1,1
2486,2486,6,1,8
2487,2487,3,0,1
2488,2488,6,0,1
2489,2489,12,0,1
2490,2490,15,1,1
2491,2491,5,1,1
2492,2490,15,1,1
2492,2493,20,1,1
2492,2494,20,1,1
2492,2495,18,1,1
2492,3259,16,1,1
2492,3260,20,0,1
2493,2492,24,1,0
2508,2508,12,1,0
2509,2509,12,1,0
2510,2510,12,1,0
2511,2511,12,1,0
2515,2401,24,1,0
2515,2508,12,1,0
2515,2509,24,1,0
2515,2510,36,1,0
2515,2511,36,1,0
2516,2508,12,1,1
2516,2509,12,1,1
2517,2510,12,1,1
2517,2511,12,1,1
2530,2530,24,0,0
2887,2887,0,1,8
2888,2888,0,1,8
2891,2891,0,1,8
2893,2893,0,1,8
2894,2894,0,1,8
2895,2895,0,1,8
2900,2900,0,1,8
2901,2901,0,1,8
2902,2902,0,1,8
2903,2903,0,1,8
2904,2904,0,1,8
2905,2905,0,1,8
2906,2906,0,1,8
2907,2907,0,1,8
2908,2908,0,1,8
2909,2909,0,1,8
2910,2910,0,1,8
2911,2911,0,1,8
2912,2912,0,1,8
2913,2913,0,1,8
2914,2914,0,1,8
2915,2915,0,1,8
2916,2916,0,1,8
2917,2917,0,1,8
2918,2918,0,1,8
2919,2919,0,1,8
2920,2920,0,1,8
2921,2921,0,1,8
2922,2922,0,1,8
2923,2923,0,1,8
2924,2924,0,1,8
2925,2925,0,1,8
2926,2926,0,1,8
2950,2950,0,1,8
2951,2951,0,1,8
2952,2952,0,1,8
2953,2953,0,1,8
2954,2954,0,1,8
2955,2955,0,1,8
2956,2956,0,1,8
2957,2957,0,1,8
2958,2958,0,1,8
2959,2959,0,1,8
2960,2960,0,1,8
2961,2961,0,1,8
2962,2962,0,1,8
2969,2969,0,1,8
2970,2970,0,1,8
2971,2971,0,1,8
2972,2972,0,1,8
2973,2973,0,1,8
2974,2974,0,1,8
2975,2975,0,1,8
2976,2976,0,1,8
2977,2977,0,1,8
2978,2978,0,1,8
2979,2979,0,1,8
2980,2980,0,1,8
2981,2981,0,1,8
2982,2982,0,1,8
2983,2983,0,1,8
2984,2984,0,1,8
2985,2985,0,1,8
2986,2986,0,1,8
2990,2990,0,1,8
2991,2991,0,1,8
2992,2992,0,1,8
3000,3000,24,0,1
3001,3001,24,1,1
3002,3002,72,0,1
3003,3003,24,0,1
3004,3004,24,0,1
3005,3005,24,0,1
3006,3006,36,0,1
3007,3007,36,0,1
3008,3008,36,0,1
3009,3009,36,0,1
3010,3010,36,0,1
3011,3011,36,0,1
3012,3012,36,0,1
3013,3013,36,0,1
3014,3014,36,0,1
3015,3015,36,0,1
3016,3016,36,0,1
3017,3017,36,1,1
3018,3018,36,1,1
3019,3019,36,1,1
3020,3020,12,0,1
3020,3020,12,0,8
3021,3021,24,0,1
3021,3216,24,0,1
3022,3022,36,1,1
3022,3055,36,1,1
3023,3023,36,0,1
3024,3024,24,1,1
3025,3025,48,1,1
3026,3026,36,1,1
3027,3027,36,0,1
3028,3028,24,1,1
3029,3029,24,0,1
3030,3030,12,0,8
3031,3031,24,0,1
3032,3032,36,0,1
3033,3033,24,0,1
3034,3034,42,1,1
3035,3035,24,1,1
3036,3036,26,0,1
3037,3037,36,0,1
3038,3038,36,0,1
3039,3039,42,1,1
3039,3039,42,0,8
3040,3040,24,1,1
3041,3041,42,1,1
3041,3041,42,1,8
3042,3042,24,1,1
3044,3044,0,1,8
3045,3045,36,1,1
3046,3046,24,0,1
3047,3047,24,1,1
3048,3048,24,0,1
3049,3049,24,1,1
3050,3050,24,0,1
3051,3051,12,0,8
3052,3052,24,0,1
3053,3053,36,0,1
3054,3054,24,0,1
3055,3055,36,0,1
3056,3056,36,0,1
3057,3057,24,0,1
3058,3058,24,0,1
3058,6129,24,1,1
3059,3059,24,0,1
3060,3060,24,0,1
3061,3061,24,0,1
3062,3062,36,1,1
3063,3063,24,1,1
3064,3064,36,0,1
3065,3065,36,0,1
3066,3066,42,1,1
3067,3067,24,0,1
3068,3068,42,0,1
3069,3069,24,0,1
3070,3070,24,1,1
3071,3071,42,0,1
3071,3071,42,0,8
3072,3072,42,0,1
3072,3072,42,0,8
3073,3073,42,0,1
3073,3073,42,0,8
3074,3074,42,0,1
3074,3074,42,0,8
3075,3075,24,1,1
3076,3076,24,1,1
3077,3077,24,1,1
3078,3078,24,1,1
3079,3079,24,0,1
3080,3080,36,0,1
3081,3081,24,0,1
3082,3082,24,1,1
3082,6141,6,1,1
3082,6915,24,0,1
3083,3083,36,1,1
3084,3084,36,1,1
3085,3085,60,0,1
3086,3086,15,0,8
3087,3087,48,1,1
3088,3088,48,1,1
3089,3089,48,1,1
3090,3090,48,1,1
3091,3091,24,0,1
3092,3092,24,0,1
3093,3093,24,1,1
3094,3094,36,1,1
3095,3095,24,1,1
3096,3096,24,1,1
3097,3097,36,1,1
3097,3097,36,0,8
3098,3098,24,0,1
3099,3099,24,1,1
3100,3100,36,1,1
3101,3101,24,0,1
3102,3102,15,0,8
3103,3103,24,0,1
3104,3104,24,1,1
3105,3105,36,0,1
3106,3106,24,1,1
3107,3107,24,0,1
3108,3108,24,0,1
3109,3109,24,0,1
3110,3110,24,1,1
3111,3111,24,0,1
3112,3112,24,1,1
3113,3113,24,1,1
3114,3114,24,1,1
3115,3115,24,0,1
3116,3116,36,0,1
3117,3117,24,0,1
3118,3118,24,0,1
3119,3119,24,1,1
3120,3120,24,1,1
3121,3121,36,1,1
3122,3122,36,1,1
3123,3123,24,1,1
3124,3124,36,0,1
3125,3125,24,1,1
3126,3126,24,0,1
3127,3127,24,1,1
3128,3128,24,0,1
3129,3129,24,0,1
3130,3130,15,0,8
3131,3131,24,0,1
3132,3132,24,1,1
3133,3133,24,0,1
3134,3134,24,1,1
3135,3135,0,1,8
3136,3136,24,0,1
3137,3137,24,1,1
3138,3138,24,0,1
3139,3139,24,0,1
3139,6138,6,1,1
3140,3140,24,1,1
3141,3141,24,1,1
3142,3142,24,0,1
3143,3143,24,0,1
3144,3144,24,1,1
3145,3145,24,1,1
3146,3146,24,0,1
3147,3147,24,1,1
3148,3148,36,1,1
3148,3148,36,0,8
3149,3149,24,1,1
3150,3150,24,1,1
3151,3151,24,0,1
3152,3152,12,0,8
3153,3153,12,0,1
3153,3153,12,0,8
3154,3154,36,0,1
3155,3155,24,1,1
3156,3156,24,1,1
3157,3157,12,0,1
3157,3157,12,0,8
3158,3158,24,0,1
3159,3159,0,1,8
3160,3160,24,0,1
3161,3161,24,1,1
3162,3162,36,0,1
3163,3163,24,0,1
3164,3164,24,0,1
3165,3165,12,1,8
3166,3166,36,0,1
3167,3167,24,0,1
3168,3168,24,1,1
3169,3169,24,1,1
3170,3170,24,1,1
3171,3171,36,1,1
3172,3172,36,0,1
3173,3173,24,0,1
3174,3174,24,1,1
3175,3175,0,1,8
3176,3176,12,0,1
3176,3176,12,0,8
3177,3177,36,1,1
3178,3031,24,1,1
3179,3031,24,1,1
3180,3163,24,1,1
3181,3181,0,1,8
3182,3163,24,1,1
3183,5465,24,1,1
3184,5465,24,1,1
3185,5700,36,0,1
3186,5700,36,0,1
3187,5703,24,0,1
3188,5703,24,0,1
3189,6100,24,1,1
3190,6100,24,1,1
3191,6126,6,0,1
3191,6456,24,1,1
3192,6126,6,0,1
3192,6456,24,1,1
3193,6717,24,0,1
3194,6717,24,0,1
3195,6721,24,1,1
3196,6721,24,1,1
3197,6900,24,0,1
3198,6900,24,1,1
3199,6901,24,0,1
3200,6901,24,1,1
3201,6930,24,1,1
3202,6930,24,1,1
3203,7065,24,0,1
3204,7065,24,0,1
3205,7085,24,0,1
3206,7085,24,1,1
3207,3207,24,1,1
3208,3208,12,0,1
3208,3208,12,1,8
3209,7102,24,0,1
3210,7102,24,0,1
3211,7147,24,1,1
3212,7147,24,0,1
3213,6144,6,0,1
3213,6940,24,1,1
3214,6144,6,0,1
3214,6940,24,1,1
3215,6148,6,0,1
3215,6159,24,1,1
3216,6148,6,0,1
3216,6159,24,1,1
3217,3217,36,1,1
3219,3219,36,0,1
3220,3220,36,1,1
3221,3221,36,0,1
3222,3222,24,1,1
3223,3223,18,1,1
3224,3224,36,0,1
3225,3225,24,1,1
3226,3226,24,1,1
3227,3227,24,1,1
3228,3228,24,1,1
3229,6150,6,0,1
3229,7005,24,1,1
3230,3230,42,0,0
3230,3230,42,0,1
3231,3231,12,1,1
3232,3232,12,1,1
3233,3233,12,1,1
3234,3234,12,1,1
3235,6150,6,0,1
3235,7005,24,1,1
3236,6712,6,0,1
3236,6713,24,0,1
3237,6712,6,0,1
3237,6713,24,1,1
3238,5429,42,0,1
3239,3328,42,1,1
3239,5429,42,0,1
3240,6132,6,0,1
3240,8081,24,0,1
3241,8081,24,0,1
3242,3058,24,1,1
3242,6129,6,0,1
3243,3058,24,1,1
3243,6129,6,0,1
3244,3139,24,0,1
3244,6138,6,0,1
3245,3139,24,0,1
3245,6138,6,0,1
3248,7185,24,0,1
3249,7185,24,1,1
3250,3387,36,1,1
3250,7902,36,1,1
3251,3388,36,1,1
3251,7902,36,1,1
3252,7910,36,0,1
3253,7910,36,1,1
3254,6139,6,0,1
3254,8082,24,0,1
3255,8082,24,0,1
3256,6135,6,0,1
3256,8083,24,1,1
3257,8083,24,0,1
3258,8117,24,0,1
3259,8117,24,0,1
3260,8200,24,1,1
3261,3261,12,1,8
3262,3262,12,0,1
3262,3292,12,1,1
3262,3293,30,1,1
3262,3294,48,1,1
3262,3598,6,1,1
3263,3263,30,0,1
3264,3264,48,0,1
3265,3265,24,0,1
3265,3295,24,0,1
3265,3296,42,0,1
3265,3598,6,0,1
3266,3266,42,0,1
3267,3267,12,0,1
3267,3297,12,1,1
3267,3298,30,1,1
3267,3299,48,1,1
3267,3598,6,1,1
3268,3268,30,0,1
3269,3269,48,0,1
3270,3270,19,0,1
3270,3300,19,1,1
3270,3301,41,1,1
3270,3302,41,1,1
3270,3303,41,1,1
3270,3338,41,1,1
3270,3598,6,1,1
3271,3271,41,0,1
3272,3272,36,1,1
3273,3273,24,1,1
3274,8200,24,0,1
3275,3276,18,0,1
3275,3286,18,0,1
3276,3033,24,1,1
3276,3487,24,1,1
3277,3033,24,1,1
3277,3488,24,1,1
3278,3281,0,1,8
3279,3489,24,1,1
3279,8205,24,1,1
3280,3490,24,1,1
3280,8205,24,1,1
3281,6143,6,0,1
3281,6179,24,0,1
3281,6739,24,1,1
3281,8250,24,0,1
3282,6143,6,0,1
3282,6179,24,0,1
3283,3101,24,0,1
3284,3101,24,1,1
3285,3285,0,1,8
3286,5258,42,1,1
3287,3287,0,1,8
3288,3276,18,1,1
3288,3286,18,1,1
3288,3358,18,1,1
3288,3359,18,1,1
3288,3360,18,1,1
3288,3361,18,1,1
3288,3362,18,1,1
3289,3276,18,1,1
3289,3286,18,1,1
3289,3358,18,1,1
3289,3359,18,1,1
3289,3360,18,1,1
3289,3361,18,1,1
3289,3362,18,1,1
3291,3291,0,1,8
3298,6128,6,0,1
3298,8225,24,1,1
3299,6128,6,0,1
3299,8225,24,1,1
3300,6137,6,0,1
3300,7207,24,0,1
3301,7207,24,0,1
3302,6136,6,1,1
3302,8185,24,1,1
3303,8185,24,0,1
3304,3304,36,1,1
3305,3305,12,1,8
3306,3306,12,0,1
3306,3306,12,1,8
3307,3307,24,1,1
3308,3308,12,1,8
3309,3309,12,1,8
3310,3310,24,1,1
3311,3311,24,0,1
3312,3312,24,0,1
3313,3313,24,1,1
3314,3314,24,1,1
3315,3315,24,1,1
3316,3316,12,1,8
3317,3317,24,1,1
3318,3318,24,1,1
3319,3319,0,1,8
3320,3320,12,1,8
3321,3321,0,1,8
3322,3322,0,0,8
3323,3323,12,1,1
3323,3323,0,0,8
3323,3324,24,1,1
3323,3324,0,0,8
3325,3325,42,1,1
3326,3326,24,0,1
3327,3327,36,0,1
3328,3139,60,0,1
3328,8082,60,0,1
3328,8083,60,0,1
3328,8084,60,0,1
3328,8085,60,0,1
3328,8091,66,0,1
3328,8117,60,0,1
3328,8202,60,0,1
3329,3329,48,0,1
3330,3330,24,0,1
3331,3331,24,1,1
3331,3332,24,1,1
3333,3333,42,0,1
3334,3334,24,0,1
3335,3335,36,0,1
3336,3336,24,0,1
3337,3337,60,0,1
3338,3337,24,1,1
3339,3339,36,0,1
3340,3340,24,1,1
3341,3341,24,0,1
3342,3342,36,0,1
3343,3343,36,0,1
3344,3344,24,0,1
3345,3345,24,0,1
3346,3346,42,1,1
3347,3347,24,1,1
3350,3350,12,1,8
3351,3351,12,1,8
3352,3352,12,1,8
3353,3353,36,1,1
3354,3354,24,1,1
3355,3355,42,0,1
3356,3356,42,1,1
3357,3357,42,1,1
3363,3363,24,1,1
3364,3364,0,1,8
3365,3365,0,1,8
3366,3366,12,1,1
3367,3367,12,1,1
3368,3368,36,1,1
3369,3369,36,1,1
3370,3370,36,0,1
3371,3371,36,1,1
3371,3373,36,0,1
3372,3372,24,1,1
3372,3374,24,0,1
3373,3373,36,1,1
3374,3374,24,1,1
3375,3375,12,1,1
3376,3376,48,1,1
3377,3377,24,1,1
3378,3378,24,0,1
3379,3379,36,1,1
3380,3380,24,1,1
3381,3381,24,0,1
3382,3382,24,1,1
3383,3383,42,1,1
3384,3353,36,0,1
3384,3384,36,0,1
3385,3385,24,1,1
3386,3149,24,1,1
3386,3386,24,1,1
3389,3389,24,1,1
3390,3390,24,1,1
3391,3391,24,1,1
3392,3392,24,1,1
3393,3393,24,1,1
3394,3394,24,1,1
3395,3395,24,1,1
3396,3396,24,1,1
3397,3397,24,1,1
3398,3398,24,1,1
3399,3399,24,1,1
3400,3400,36,1,1
3401,3401,3,1,1
3402,3402,3,1,1
3403,3403,3,1,1
3404,3404,3,1,1
3405,3405,42,1,1
3406,3406,42,1,1
3407,3407,42,1,1
3408,3408,42,1,1
3409,3409,42,1,1
3410,3410,42,1,1
3411,3411,42,1,1
3412,3412,36,1,1
3413,3413,36,1,1
3414,3414,36,1,1
3415,3415,36,1,1
3416,3416,36,1,1
3417,3417,36,1,1
3418,3418,36,1,1
3419,3419,36,1,1
3420,3420,36,1,1
3421,3421,36,1,1
3422,3422,36,1,1
3423,3423,36,1,1
3424,3424,36,1,1
3425,3425,36,1,1
3426,3426,36,1,1
3427,3427,36,1,1
3428,3428,36,1,1
3429,3429,36,1,1
3429,6152,36,0,1
3430,3430,36,1,1
3430,6152,36,0,1
3431,3431,36,1,1
3431,6152,36,0,1
3432,3432,36,1,1
3432,6152,36,0,1
3433,3433,36,1,1
3433,6152,36,0,1
3434,3434,36,1,1
3434,6152,36,0,1
3435,3435,42,1,1
3435,6152,42,0,1
3436,3436,36,1,1
3437,3437,36,1,1
3438,3438,36,1,1
3439,3439,36,1,1
3440,3440,36,1,1
3441,3441,36,1,1
3442,3442,36,1,1
3443,3443,36,1,1
3444,3444,36,1,1
3445,3445,36,1,1
3446,3446,36,1,1
3447,3447,36,1,1
3448,3448,24,1,1
3449,3449,24,1,1
3450,3450,24,1,1
3451,3451,24,1,1
3452,3452,24,1,1
3453,3453,24,1,1
3454,3454,24,1,1
3455,3455,24,1,1
3456,3456,24,1,1
3457,3457,24,1,1
3458,3458,24,1,1
3459,3459,24,1,1
3460,3460,24,1,1
3461,3461,24,1,1
3462,3462,24,1,1
3463,3463,24,0,1
3464,3464,24,0,1
3465,3465,24,1,1
3466,3466,24,1,1
3466,6591,24,1,1
3466,6790,24,1,1
3466,6793,24,1,1
3466,7395,24,1,1
3466,7396,24,1,1
3467,3467,24,1,1
3468,3468,24,1,1
3468,6842,24,1,1
3469,3469,24,1,1
3470,3470,24,1,1
3471,3471,24,1,1
3472,3472,24,1,1
3473,3473,24,1,1
3474,3474,24,1,1
3475,3475,24,1,1
3476,3476,24,1,1
3477,3477,36,1,1
3478,3478,36,0,1
3479,3479,24,1,1
3480,3480,24,1,1
3480,7426,24,1,1
3481,3481,24,1,1
3482,3482,24,1,1
3483,3483,42,1,1
3484,3484,24,1,1
3485,3485,24,1,1
3486,3486,24,1,1
3491,3491,24,1,1
3492,3492,24,1,1
3493,3493,24,1,1
3494,3494,24,1,1
3495,3495,24,1,1
3496,3496,36,1,1
3497,3497,36,1,1
3498,3498,36,1,1
3499,3499,36,1,1
3500,3500,24,1,1
3535,3535,24,1,1
3594,3594,0,1,8
3595,3595,0,1,8
3596,3596,0,1,8
3599,3599,0,1,8
3600,3600,0,1,8
3601,3601,0,1,8
3602,3602,0,1,8
3603,3603,0,1,8
3604,3604,0,1,8
3605,3605,0,1,8
3606,3606,0,1,8
3607,3607,0,1,8
3608,3608,0,1,8
3609,3609,0,1,8
3610,3610,0,1,8
3611,3611,0,1,8
3612,3612,0,1,8
3613,3613,0,1,8
3614,3614,0,1,8
3615,3615,0,1,8
3616,3616,0,1,8
3617,3617,0,1,8
3618,3618,0,1,8
3619,3619,0,1,8
3620,3620,0,1,8
3621,3621,0,1,8
3622,3622,0,1,8
3623,3623,0,1,8
3624,3624,0,1,8
3625,3625,0,1,8
3626,3626,0,1,8
3627,3627,0,1,8
3628,3628,0,1,8
3629,3629,0,1,8
3630,3630,0,1,8
3631,3631,0,1,8
3632,3632,0,1,8
3633,3633,0,1,8
3634,3634,0,1,8
3635,3635,0,1,8
3636,3636,0,1,8
3637,3637,0,1,8
3638,3638,0,1,8
3639,3639,0,1,8
3640,3640,0,1,8
3641,3641,0,1,8
3642,3642,0,1,8
3643,3643,0,1,8
3644,3644,0,1,8
3645,3645,0,1,8
3646,3646,0,1,8
3647,3647,0,1,8
3648,3648,0,1,8
3649,3649,0,1,8
3650,3650,0,1,8
3651,3651,0,1,8
3652,3652,0,1,8
3653,3653,0,1,8
3654,3654,0,1,8
3655,3655,0,1,8
3656,3656,0,1,8
3657,3657,0,1,8
3658,3658,0,1,8
3659,3659,0,1,8
3660,3660,0,1,8
3661,3661,0,1,8
3662,3662,0,1,8
3663,3663,0,1,8
3664,3664,0,1,8
3665,3665,0,1,8
3666,3666,0,1,8
3667,3667,0,1,8
3668,3668,0,1,8
3669,3669,0,1,8
3670,3670,0,1,8
3671,3671,0,1,8
3672,3672,0,1,8
3673,3673,0,1,8
3674,3674,0,1,8
3675,3675,0,1,8
3676,3676,0,1,8
3677,3677,0,1,8
3678,3678,0,1,8
3679,3679,0,1,8
3680,3680,0,0,8
3681,3681,0,1,8
3682,3682,0,1,8
3683,3683,0,1,8
3684,3684,0,1,8
3685,3685,0,1,8
3686,3686,0,1,8
3687,3687,0,1,8
3688,3688,0,1,8
3689,3689,0,1,8
3690,3690,0,1,8
3691,3691,0,1,8
3692,3692,0,1,8
3693,3693,0,1,8
3694,3694,0,1,8
3695,3695,0,1,8
3696,3696,0,1,8
3697,3697,0,1,8
3698,3698,0,1,8
3699,3699,0,1,8
3700,3700,0,1,8
3701,3701,0,1,8
3702,3702,0,1,8
3703,3703,0,1,8
3704,3704,0,1,8
3705,3705,0,1,8
3706,3706,0,1,8
3707,3707,0,1,8
3708,3708,0,1,8
3709,3709,0,1,8
3710,3710,0,1,8
3711,3711,0,1,8
3712,3712,0,1,8
3713,3713,0,1,8
3714,3714,0,1,8
3715,3715,0,1,8
3716,3716,0,1,8
3717,3717,0,1,8
3718,3718,0,1,8
3719,3719,0,1,8
3720,3720,0,1,8
3721,3721,0,1,8
3722,3722,0,1,8
3723,3723,0,1,8
3724,3724,0,1,8
3725,3725,0,1,8
3726,3726,0,1,8
3727,3727,0,1,8
3728,3728,0,1,8
3729,3729,0,1,8
3730,3730,0,1,8
3731,3731,0,1,8
3732,3732,0,1,8
3733,3733,0,1,8
3734,3734,0,1,8
3735,3735,0,1,8
3736,3736,0,1,8
3737,3737,0,1,8
3738,3738,0,1,8
3739,3739,0,1,8
3740,3740,0,1,8
3741,3741,0,1,8
3742,3742,0,1,8
3743,3743,0,1,8
3744,5409,60,0,1
3745,5400,24,1,1
3746,6261,24,0,1
3747,3085,24,0,1
3749,3749,0,1,8
3750,3744,12,0,8
3750,3745,12,0,8
3750,3746,12,0,8
3750,3747,12,0,8
3750,3748,12,0,8
3750,3750,12,0,8
3751,3751,0,1,8
3752,3752,8,1,8
3753,3753,0,1,8
3754,3754,0,1,8
3755,3755,12,0,8
3756,3756,0,1,8
3757,3757,0,1,8
3758,3758,0,1,8
3759,3759,0,1,8
3760,3760,36,0,8
3761,3761,0,1,8
3762,3762,0,1,8
3763,3763,0,1,8
3764,3764,0,1,8
3765,3765,6,0,8
3766,3766,0,1,8
3767,3767,0,1,8
3768,3768,0,0,8
3769,3769,0,1,8
3770,3770,12,0,8
3771,3771,0,1,8
3772,3772,0,1,8
3773,3773,0,1,8
3774,3774,0,1,8
3775,3775,12,0,8
3776,3776,0,1,8
3777,3777,0,1,8
3778,3778,0,1,8
3779,3779,0,1,8
3780,3780,5,1,8
3781,3781,0,1,8
3782,3782,0,1,8
3783,3783,0,1,8
3784,3784,0,1,8
3785,3785,3,1,8
3786,3786,0,0,8
3787,3787,0,1,8
3788,3788,0,1,8
3789,3789,0,1,8
3790,3790,6,1,8
3791,3791,0,1,8
3792,3792,0,1,8
3793,3793,0,0,8
3794,3794,0,1,8
3795,3795,0,1,8
3796,3796,0,1,8
3797,3797,0,1,8
3798,3798,0,1,8
3799,3799,0,1,8
3800,3800,24,1,1
3801,3801,12,1,8
3802,3802,12,1,8
3803,3803,12,1,8
3804,3804,12,0,8
3805,3805,0,1,8
3806,3806,12,1,8
3807,3807,12,1,8
3808,3808,0,1,8
3810,3809,12,0,8
3810,3811,12,0,8
3810,3812,12,0,8
3810,3813,12,0,8
3810,3814,12,0,8
3810,3815,12,0,8
3810,3816,12,0,8
3810,3817,12,0,8
3810,3818,12,0,8
3810,3819,12,0,8
3810,3820,12,0,8
3810,3821,12,0,8
3810,3822,12,0,8
3810,3823,12,0,8
3810,3824,12,0,8
3810,3825,12,0,8
3810,3826,12,0,8
3810,3827,12,0,8
3810,3828,12,0,8
3810,3829,12,0,8
3810,3830,12,0,8
3810,3831,12,0,8
3810,3832,12,0,8
3810,3833,12,0,8
3810,3834,12,0,8
3811,8132,36,1,1
3812,8132,36,1,1
3813,6570,36,1,1
3814,6570,36,1,1
3815,7104,36,1,1
3816,7104,36,1,1
3835,3835,3,1,8
3836,3836,12,0,8
3837,3837,12,1,8
3838,3838,12,0,8
3839,3839,12,1,8
3840,3840,12,1,8
3841,3841,12,1,8
3842,3842,12,1,8
3843,3843,12,1,8
3844,3844,24,1,8
3845,3845,0,0,8
3846,3846,12,1,8
3847,3847,12,1,8
3848,3848,12,0,8
3849,3849,12,1,8
3850,3850,12,1,8
3851,3851,12,1,8
3852,3852,12,1,8
3853,3853,12,1,8
3855,3854,12,0,8
3855,3856,12,0,8
3855,3857,12,0,8
3855,3858,12,0,8
3855,3859,12,0,8
3855,3860,12,0,8
3855,3861,12,0,8
3855,3862,12,0,8
3855,3863,12,0,8
3855,3864,12,0,8
3855,3865,12,0,8
3855,3866,12,0,8
3855,3867,12,0,8
3868,3868,0,1,8
3869,3869,0,1,8
3870,3870,9,0,1
3870,3870,9,1,8
3871,3871,0,1,8
3872,3872,12,0,0
3873,3873,0,1,8
3874,3874,0,1,8
3875,3875,24,0,8
3876,3876,12,1,8
3877,3877,12,1,8
3878,3878,12,1,8
3879,3879,0,1,8
3880,3880,2,1,8
3881,3881,0,1,8
3882,3882,0,1,8
3883,3883,0,1,8
3884,3884,0,1,8
3885,3885,0,1,8
3886,3886,0,1,8
3887,3887,0,1,8
3888,3888,0,1,8
3889,3889,0,1,8
3890,3890,0,1,8
3910,3910,0,1,8
3915,3915,0,1,8
3920,3920,0,1,8
3925,3925,0,1,8
3930,3930,0,1,8
3935,3935,6,1,8
3939,3939,6,1,8
3940,3940,0,1,8
3941,3941,0,1,8
3942,3942,0,1,8
3943,3943,0,1,8
3944,3944,0,1,8
3945,3945,12,0,8
3950,3950,24,0,8
3955,3955,6,1,8
3960,3960,0,1,8
3961,3961,0,1,8
3965,3965,4,1,8
3970,3970,12,1,8
3970,3971,12,1,8
3972,3972,12,1,8
4000,4000,22,0,1
4000,4000,22,0,8
4000,4007,22,0,1
4001,4001,12,0,0
4002,4002,12,0,0
4003,4003,12,0,0
4004,4004,12,0,0
4005,4005,24,0,1
4006,4006,24,0,1
4007,5028,12,0,1
4007,5029,24,0,1
4007,5098,24,0,1
4008,4008,12,0,1
4009,4009,30,0,1
4010,4010,24,0,1
4010,4995,24,0,0
4011,4011,24,0,1
4012,4012,24,0,1
4013,4013,12,0,1
4014,4014,27,0,1
4014,4014,27,0,8
4015,4015,30,0,1
4016,4017,24,0,1
4016,4018,24,0,1
4019,4019,48,0,1
4020,4020,24,0,1
4021,4021,24,0,1
4022,4022,24,0,1
4023,4023,24,0,1
4024,4024,24,0,1
4025,4025,24,0,1
4026,4026,24,0,1
4026,4030,24,0,1
4027,4027,24,0,1
4028,4028,24,0,1
4030,4029,18,0,1
4030,4049,18,0,1
4030,4050,18,0,1
4030,4097,18,0,1
4030,4099,18,0,1
4030,5061,18,0,1
4031,5081,12,0,1
4031,5088,24,0,1
4031,5092,24,0,1
4036,4036,30,0,1
4037,4037,30,0,1
4038,4038,24,0,1
4039,4039,24,0,1
4042,4014,30,1,1
4043,4014,30,1,1
4044,4044,30,0,2
4045,4045,6,0,2
4046,4036,30,1,1
4047,4036,30,1,1
4048,4048,36,1,1
4051,4051,1,1,8
4052,4052,30,0,2
4053,4053,24,0,1
4061,4061,24,0,1
4061,4061,24,0,8
4061,4079,24,0,1
4061,5046,24,0,1
4061,5047,24,0,1
4063,4063,6,0,1
4064,4064,18,0,1
4064,4064,18,0,8
4065,4065,18,0,8
4065,4066,18,0,2
4065,4067,18,0,2
4065,4068,18,0,2
4065,4081,18,0,2
4069,4069,18,0,1
4075,4075,42,0,1
4080,4080,12,0,0
4082,4082,36,0,1
4083,4083,12,0,1
4084,4084,24,0,1
4085,4085,24,0,1
4088,4088,42,1,1
4089,4089,24,1,1
4090,4090,8,1,1
4091,4091,18,0,1
4092,4092,24,1,1
4093,4093,48,1,1
4094,4094,7,1,1
4095,4038,24,0,0
4095,4053,24,0,0
4096,4096,18,0,1
4096,4096,18,0,8
4097,4097,24,0,1
4098,4098,24,0,1
4102,4102,42,1,1
4103,3598,6,1,1
4103,4103,36,1,1
4103,4117,36,1,1
4103,4118,18,1,1
4103,4119,36,1,1
4103,4120,36,1,1
4103,4702,6,0,1
4103,4737,6,0,1
4104,3598,6,0,1
4104,4257,18,0,1
4104,4258,36,0,1
4104,4324,36,0,1
4104,4382,36,0,1
4104,4384,26,0,1
4104,4702,6,0,1
4105,3258,42,1,1
4105,3598,6,1,1
4105,4219,42,0,1
4105,4220,42,1,1
4105,4221,42,1,1
4105,4225,42,1,1
4105,4226,42,1,1
4105,4227,42,1,1
4105,4228,42,1,1
4105,4229,42,1,1
4105,4230,42,0,1
4105,4241,42,0,1
4105,4249,42,1,1
4105,4251,42,1,1
4105,4253,24,1,1
4105,4325,42,1,1
4105,4326,42,1,1
4105,4327,30,0,1
4105,4360,37,1,1
4105,4389,18,1,1
4105,4702,6,0,1
4105,4737,6,0,1
4105,4850,36,0,0
4106,3598,6,1,1
4106,4222,42,0,1
4106,4241,42,0,1
4106,4328,42,0,1
4106,4329,24,0,1
4106,4330,24,0,1
4106,4331,24,0,1
4106,4380,29,1,1
4106,4702,6,0,1
4106,4851,24,0,0
4107,3598,6,1,1
4107,4223,54,1,1
4107,4224,42,1,1
4107,4383,34,1,1
4107,4702,6,0,1
4107,4737,6,0,1
4107,5030,54,1,1
4108,3598,6,1,1
4108,4236,42,1,1
4108,4238,24,0,0
4108,4333,42,1,1
4108,4334,42,1,1
4108,4376,12,1,1
4108,4393,30,1,1
4108,4702,6,0,1
4108,4737,6,0,1
4108,4854,42,0,1
4109,3598,6,1,1
4109,4328,42,1,1
4109,4329,24,1,1
4109,4330,24,1,1
4109,4336,60,1,1
4109,4337,48,0,1
4109,4338,42,1,1
4109,4377,18,1,1
4109,4385,33,1,1
4109,4702,6,0,1
4109,4737,6,0,1
4110,3598,6,1,1
4110,4212,54,1,1
4110,4213,54,1,1
4110,4231,42,1,1
4110,4240,42,1,1
4110,4243,30,0,1
4110,4250,42,1,1
4110,4355,42,1,1
4110,4397,34,1,1
4110,4702,6,0,1
4110,4738,6,0,1
4111,3598,6,1,1
4111,4211,42,1,1
4111,4242,42,1,1
4111,4254,42,1,1
4111,4365,18,1,1
4111,4398,27,1,1
4111,4571,30,1,1
4111,4581,54,1,1
4111,4702,6,0,1
4111,4738,6,0,1
4112,3247,24,1,1
4112,3248,42,1,1
4112,3249,42,1,1
4112,3598,6,1,1
4112,4272,42,1,1
4112,4291,48,1,1
4112,4295,26,1,1
4112,4296,48,1,1
4112,4321,35,1,1
4112,4368,42,1,1
4112,4701,6,0,1
4112,4738,6,0,1
4113,3598,6,1,1
4113,4234,18,1,1
4113,4235,42,1,1
4113,4264,42,1,1
4113,4394,27,1,1
4113,4702,6,0,1
4114,3598,6,1,1
4114,4232,42,1,1
4114,4233,42,1,1
4114,4237,18,1,1
4114,4244,42,0,1
4114,4248,42,1,1
4114,4261,18,1,1
4114,4262,42,1,1
4114,4263,36,1,1
4114,4366,42,1,1
4114,4395,33,1,1
4114,4702,6,0,1
4114,4730,6,0,1
4115,3598,6,1,1
4115,4239,12,1,1
4115,4245,27,1,1
4115,4246,42,1,1
4115,4255,33,1,1
4115,4396,25,1,1
4115,4702,6,0,1
4115,4730,6,0,1
4116,3598,6,1,1
4116,4122,24,1,1
4116,4123,18,1,1
4116,4339,42,1,1
4116,4340,42,1,1
4116,4341,42,1,1
4116,4342,42,1,1
4116,4343,42,1,1
4116,4344,42,0,1
4116,4345,42,0,1
4116,4346,42,0,1
4116,4361,12,1,1
4116,4371,33,1,1
4116,4702,6,0,1
4116,4737,6,0,1
4117,3598,6,1,1
4117,4339,42,1,1
4117,4347,42,1,1
4117,4348,42,1,1
4117,4349,42,1,1
4117,4350,30,1,1
4117,4351,24,1,1
4117,4702,6,0,1
4117,4737,6,0,1
4118,3598,6,1,1
4118,4265,42,0,1
4118,4266,42,0,1
4118,4267,42,0,1
4118,4702,6,0,1
4118,4855,36,0,0
4118,4856,36,0,0
4119,3598,6,1,1
4119,4470,36,1,1
4119,4471,36,0,1
4119,4476,26,1,1
4119,4703,6,0,1
4120,4712,12,0,1
4120,4714,12,0,1
4120,4716,12,0,1
4121,3598,6,1,1
4121,4121,18,1,1
4121,4702,6,0,1
4122,3598,6,1,1
4122,4122,24,1,1
4122,4702,6,0,1
4123,3598,6,1,1
4123,4123,12,1,1
4123,4702,6,0,1
4124,3598,6,1,1
4124,4124,24,1,1
4124,4709,6,0,1
4125,3598,6,1,1
4125,4125,42,1,1
4125,4127,18,1,1
4125,4708,6,0,1
4125,4730,6,0,1
4126,3598,6,1,1
4126,4126,18,1,1
4126,4702,6,0,1
4130,4130,12,1,1
4134,4134,12,0,1
4134,4134,12,1,8
4135,3598,6,1,1
4135,4135,18,1,1
4135,4702,6,0,1
4135,4737,6,0,1
4136,3598,6,1,1
4136,4206,18,1,1
4136,4207,18,1,1
4136,4270,18,1,1
4136,4279,39,1,1
4136,4280,39,1,1
4136,4290,18,1,1
4136,4298,39,1,1
4136,4305,27,1,1
4136,4352,18,1,1
4136,4701,6,0,1
4136,4731,6,0,1
4136,4858,22,0,1
4136,4859,30,0,0
4136,4875,42,0,1
4137,3598,6,1,1
4137,4270,18,1,1
4137,4277,39,1,1
4137,4287,18,1,1
4137,4290,18,1,1
4137,4294,39,1,1
4137,4309,23,1,1
4137,4701,6,0,1
4137,4731,6,0,1
4138,3598,6,1,1
4138,4548,42,0,1
4138,4549,42,0,1
4138,4549,42,0,8
4138,4550,33,1,1
4138,4702,6,0,1
4139,3598,6,1,1
4139,4481,36,1,1
4139,4492,28,1,1
4139,4501,42,0,1
4139,4506,18,0,1
4139,4516,36,0,1
4139,4704,6,0,1
4140,3598,6,1,1
4140,4507,12,1,1
4140,4508,26,1,1
4140,4509,36,1,1
4140,4520,20,1,1
4140,4704,6,0,1
4141,3598,6,1,1
4141,4495,24,0,1
4141,4496,27,1,1
4141,4512,42,1,1
4141,4513,42,1,1
4141,4530,42,0,1
4141,4544,27,1,1
4141,4704,6,0,1
4141,4731,6,0,1
4142,3598,6,1,1
4142,4500,42,1,1
4142,4517,30,1,1
4142,4526,24,1,1
4142,4531,26,1,1
4142,4704,6,0,1
4142,4871,27,0,0
4143,3598,6,1,1
4143,4485,39,1,1
4143,4486,39,1,1
4143,4487,39,1,1
4143,4487,39,1,8
4143,4491,24,0,1
4143,4493,24,0,1
4143,4494,30,1,1
4143,4510,30,0,1
4143,4515,30,1,1
4143,4519,18,1,1
4143,4528,39,0,1
4143,4529,24,0,1
4143,4532,39,1,1
4143,4704,6,0,1
4143,4737,6,0,1
4143,4870,30,0,0
4143,9330,24,0,0
4144,3598,6,0,1
4144,4100,26,1,1
4144,4101,26,1,1
4144,4301,18,1,1
4144,4301,18,1,8
4144,4391,14,1,1
4144,4702,6,0,1
4144,4737,6,0,1
4145,3598,6,0,1
4145,4141,24,1,1
4145,4143,24,1,1
4145,4144,36,1,1
4145,4145,36,1,1
4145,4484,48,1,1
4145,4514,24,1,1
4145,4521,30,1,1
4145,4543,27,0,1
4145,4705,6,0,1
4145,4737,6,0,1
4146,3598,6,1,1
4146,4533,24,1,1
4146,4534,24,1,1
4146,4542,18,1,1
4146,4561,12,1,1
4146,4709,6,0,1
4147,3598,6,1,1
4147,4478,24,1,1
4147,4479,54,1,1
4147,4480,28,1,1
4147,4703,6,0,1
4148,3598,6,1,1
4148,4461,48,1,1
4148,4474,48,0,1
4148,4703,6,0,1
4149,3598,6,1,0
4149,4458,42,1,1
4149,4458,42,1,8
4149,4460,36,1,1
4149,4462,36,0,0
4149,4464,36,0,0
4149,4465,42,1,1
4149,4472,42,1,1
4149,4475,42,1,1
4149,4540,30,1,1
4149,4703,6,0,1
4149,4865,36,0,0
4149,4866,36,0,0
4149,4867,36,0,0
4149,4868,36,0,0
4149,4869,36,0,0
4150,3598,6,1,1
4150,4459,30,0,1
4150,4467,36,1,1
4150,4468,30,0,1
4150,4469,28,1,1
4150,4703,6,0,1
4150,4864,36,0,0
4151,3598,6,1,1
4151,4619,40,1,1
4151,4620,18,1,1
4151,4622,40,1,1
4151,4626,38,0,0
4151,4707,6,0,1
4151,4720,28,1,1
4152,3598,6,1,1
4152,4621,38,1,1
4152,4623,40,1,1
4152,4624,40,1,1
4152,4625,38,1,1
4152,4695,18,1,1
4152,4707,6,0,1
4152,4718,30,1,1
4153,3598,6,1,1
4153,4570,30,1,1
4153,4576,26,1,1
4153,4577,26,1,1
4153,4627,30,0,1
4153,4628,30,0,1
4153,4631,30,0,1
4153,4633,30,0,1
4153,4635,30,0,1
4153,4637,30,0,1
4153,4641,30,1,1
4153,4642,18,1,1
4153,4673,30,1,1
4153,4707,6,0,1
4153,4721,27,1,1
4154,3598,6,1,1
4154,4629,38,0,1
4154,4632,18,0,0
4154,4636,38,1,1
4154,4638,38,0,1
4154,4639,38,1,1
4154,4699,29,1,1
4154,4707,6,0,1
4155,3598,6,1,1
4155,4645,30,0,1
4155,4646,30,0,1
4155,4647,30,0,1
4155,4651,30,0,1
4155,4655,12,0,1
4155,4656,24,0,1
4155,4659,30,0,1
4155,4666,30,0,1
4155,4667,30,0,1
4155,4668,30,0,1
4155,4668,30,0,8
4155,4669,30,0,1
4155,4671,30,0,1
4155,4677,30,0,1
4155,4678,30,0,1
4155,4708,6,0,1
4155,4726,27,1,1
4156,3598,6,1,1
4156,4647,30,0,1
4156,4648,30,0,1
4156,4649,30,0,1
4156,4650,30,0,1
4156,4651,30,1,1
4156,4652,12,1,1
4156,4653,30,0,1
4156,4654,30,0,1
4156,4657,30,0,1
4156,4658,30,0,1
4156,4659,30,1,1
4156,4660,30,0,1
4156,4661,30,0,1
4156,4662,30,0,1
4156,4664,30,0,1
4156,4665,30,1,1
4156,4667,30,1,1
4156,4668,30,1,1
4156,4672,30,1,1
4156,4675,12,1,1
4156,4693,42,1,1
4156,4708,6,0,1
4156,4722,28,1,1
4157,3598,6,1,1
4157,4140,18,1,1
4157,4269,41,1,1
4157,4271,41,1,1
4157,4288,41,1,1
4157,4303,29,1,1
4157,4701,6,0,1
4157,4731,6,0,1
4158,3598,6,1,1
4158,4283,41,1,1
4158,4304,32,1,1
4158,4353,41,0,1
4158,4354,41,1,1
4158,4497,41,1,1
4158,4701,6,0,1
4158,4731,6,0,1
4158,9636,24,0,0
4159,3250,39,1,1
4159,3598,6,1,1
4159,4284,42,1,1
4159,4285,42,1,1
4159,4286,36,1,1
4159,4292,42,1,1
4159,4293,42,1,1
4159,4297,42,1,1
4159,4299,42,1,1
4159,4311,37,1,1
4159,4367,42,1,1
4159,4701,6,0,1
4159,4731,6,0,1
4160,2490,59,1,1
4160,3259,55,1,1
4160,3598,6,1,1
4160,4613,28,1,1
4160,4614,18,1,1
4160,4617,38,1,1
4160,4618,38,1,1
4160,4636,38,1,1
4160,4707,6,0,1
4160,4733,6,0,1
4160,4763,38,1,1
4161,3243,24,1,1
4161,3598,6,1,1
4161,4129,42,1,1
4161,4410,19,1,1
4161,4411,28,1,1
4161,4412,19,1,1
4161,4413,28,1,1
4161,4414,27,1,1
4161,4440,37,1,1
4161,4441,37,0,0
4161,4441,37,1,1
4161,4444,25,1,1
4161,4578,42,1,1
4161,4706,6,0,1
4161,4735,6,0,1
4161,4879,24,0,0
4162,3598,6,1,1
4162,4407,18,1,1
4162,4420,18,1,1
4162,4421,36,1,1
4162,4425,36,1,1
4162,4433,36,1,1
4162,4435,39,1,1
4162,4447,36,1,1
4162,4463,30,1,1
4162,4706,6,0,1
4163,3598,6,1,1
4163,4415,21,1,1
4163,4417,21,1,1
4163,4419,33,1,1
4163,4434,33,1,1
4163,4436,33,1,1
4163,4439,30,1,1
4163,4466,24,1,1
4163,4706,6,0,1
4163,4877,26,0,1
4163,4878,24,0,0
4164,3244,30,1,1
4164,3598,6,1,1
4164,4418,30,1,1
4164,4418,30,1,8
4164,4424,42,1,1
4164,4424,42,1,8
4164,4429,31,1,1
4164,4429,31,1,8
4164,4438,18,0,0
4164,4445,27,0,1
4164,4448,12,1,1
4164,4505,17,0,1
4164,4537,27,1,1
4164,4706,6,0,1
4164,5287,39,1,1
4165,3598,6,1,1
4165,4557,36,1,1
4165,4558,36,1,1
4165,4558,36,1,8
4165,4559,26,1,1
4165,4560,28,1,1
4165,4705,6,0,1
4166,3598,6,1,1
4166,4166,24,1,1
4166,4706,6,0,1
4168,3598,6,1,1
4168,4168,24,1,1
4168,4706,6,0,1
4169,3598,6,1,1
4169,4489,30,0,1
4169,4490,30,0,1
4169,4518,30,0,1
4169,4535,23,1,1
4169,4555,18,0,1
4169,4704,6,0,1
4170,4712,12,0,1
4170,4713,12,0,1
4171,3598,6,1,1
4171,4556,24,1,1
4171,4701,6,0,1
4171,4732,6,0,1
4189,3598,6,1,1
4189,4189,13,1,1
4189,4719,12,0,1
4190,3597,12,1,1
4190,3598,6,1,1
4190,4194,12,1,1
4190,4196,18,1,1
4190,4198,12,0,1
4190,4201,32,1,1
4190,4719,12,0,1
4190,4977,36,1,1
4190,4978,36,1,1
4190,4978,36,1,8
4190,4979,36,1,1
4190,4981,36,1,1
4190,4981,36,1,8
4190,4982,36,0,1
4190,4983,36,1,1
4190,4984,36,1,1
4190,4985,36,1,1
4190,4989,36,1,1
4190,4989,36,1,8
4190,4990,36,1,1
4190,4990,36,1,8
4190,4991,36,1,1
4190,4992,36,1,1
4190,4996,36,0,1
4190,4997,36,1,1
4190,4997,36,1,8
4191,3597,12,1,1
4191,3598,6,1,1
4191,4196,18,1,1
4191,4198,12,0,1
4191,4580,24,1,1
4191,4719,12,0,1
4191,4951,36,1,1
4191,4952,36,1,1
4191,4953,36,1,1
4191,4954,24,1,1
4191,4955,24,1,1
4191,4956,24,1,1
4191,4957,36,1,1
4191,4958,24,1,1
4191,4959,24,0,1
4191,4960,24,1,1
4191,4961,24,1,1
4191,4962,42,1,1
4191,4963,24,1,1
4191,4963,36,1,8
4191,4964,24,1,1
4191,4965,24,1,1
4191,4966,36,1,1
4191,4967,33,1,1
4191,4968,36,1,1
4191,4969,24,1,1
4191,4970,36,1,1
4191,4971,36,0,1
4192,3238,24,1,1
4192,3239,24,1,1
4192,3597,12,1,1
4192,3598,6,1,1
4192,4192,24,1,1
4192,4196,12,1,1
4192,4719,9,0,1
4192,4901,36,0,1
4192,4902,36,1,1
4192,4903,36,1,1
4192,4904,36,0,1
4192,4905,36,0,1
4192,4906,36,1,1
4192,4907,36,0,1
4192,4908,36,1,1
4192,4909,12,1,1
4192,4910,36,1,1
4192,4911,36,1,1
4192,4912,36,1,1
4192,4913,36,0,1
4192,4914,36,0,1
4192,4915,36,1,1
4192,4916,36,1,1
4192,4917,36,1,1
4192,4918,36,1,1
4192,4919,36,1,1
4192,4920,36,0,1
4192,4921,36,1,1
4192,4922,36,1,1
4192,4923,36,1,1
4192,4924,36,1,1
4192,4925,36,1,1
4192,4926,36,1,1
4192,4927,36,1,1
4192,4928,36,0,1
4192,4929,36,1,1
4192,4930,36,0,1
4192,4931,36,0,1
4192,4932,36,1,1
4192,4933,36,1,1
4192,4934,34,1,1
4192,4937,36,1,1
4192,4938,36,1,1
4192,4939,36,0,1
4192,4940,36,0,1
4192,4941,36,1,1
4192,4942,36,1,1
4192,4943,36,1,1
4192,4944,36,1,1
4192,4945,36,1,1
4192,4946,24,1,1
4192,4947,24,1,1
4192,4948,24,1,1
4192,4949,36,1,1
4193,3240,36,1,1
4193,3241,36,1,1
4193,3242,36,1,1
4193,3597,12,1,1
4193,3598,6,1,1
4193,4193,36,1,1
4193,4198,12,0,1
4193,4203,30,1,1
4193,4710,12,0,1
4193,4719,9,0,1
4193,4980,24,1,1
4193,4986,36,1,1
4193,4987,42,1,1
4193,4988,36,1,1
4193,4998,36,1,1
4194,3598,6,1,1
4194,4194,18,1,1
4194,4719,12,0,1
4195,4195,6,0,1
4196,3598,6,1,1
4196,4196,12,1,1
4196,4719,12,0,1
4197,3597,12,1,1
4197,3598,6,1,1
4197,4188,24,1,1
4197,4197,42,1,1
4197,4710,12,0,1
4197,4719,12,0,1
4198,4198,12,0,1
4198,4200,12,1,1
4199,4199,6,0,1
4202,4202,12,0,1
4207,4208,24,1,1
4208,4208,60,0,1
4215,3598,6,1,1
4215,4108,6,0,1
4215,4128,18,1,1
4215,4215,42,1,1
4215,4702,6,0,1
4215,4730,6,0,1
4217,3598,6,1,1
4217,4216,18,1,1
4217,4217,42,1,1
4217,4708,6,0,1
4217,4730,6,0,1
4230,3598,6,1,1
4230,4230,42,1,1
4230,4386,42,1,1
4230,4387,42,1,1
4230,4388,42,1,1
4230,4390,35,1,1
4230,4405,24,1,1
4230,4406,42,1,1
4230,4702,6,0,1
4230,4737,6,0,1
4244,3598,6,1,1
4244,4128,18,1,1
4244,4244,42,1,1
4244,4702,6,0,1
4244,4730,6,0,1
4247,3257,66,1,1
4247,3275,48,1,1
4247,3598,6,1,1
4247,4247,47,1,1
4247,4392,27,1,1
4247,4573,18,1,1
4247,4582,66,1,1
4247,4702,6,0,1
4247,4730,6,0,1
4252,3598,6,1,1
4252,4252,36,1,1
4252,4319,42,1,1
4252,4370,35,1,1
4252,4379,42,1,1
4252,4572,42,1,1
4252,4583,42,1,1
4252,4702,6,0,1
4252,4853,42,0,0
4256,3598,6,1,1
4256,4256,42,1,1
4256,4702,6,0,1
4256,4737,6,0,1
4259,3598,6,1,1
4259,4259,42,1,1
4259,4702,6,0,1
4259,4737,6,0,1
4259,9933,12,1,1
4268,3598,6,1,1
4268,4268,42,1,1
4268,4701,6,0,1
4268,4737,6,0,1
4273,3251,44,1,1
4273,3252,44,1,1
4273,3598,6,1,1
4273,4273,42,1,1
4273,4353,41,1,1
4273,4701,6,0,1
4273,4731,6,0,1
4274,3598,6,1,1
4274,4274,36,1,1
4274,4274,36,1,8
4274,4701,6,0,1
4274,4731,6,0,1
4275,3598,6,1,1
4275,4275,36,1,1
4275,4701,6,0,1
4276,3598,6,1,1
4276,4276,36,1,1
4276,4701,6,0,1
4276,4730,6,0,1
4278,3598,6,1,1
4278,4278,41,1,1
4278,4300,24,1,1
4278,4359,26,1,1
4278,4701,6,0,1
4278,4731,6,0,1
4281,3598,6,1,1
4281,4204,18,1,1
4281,4205,18,1,1
4281,4281,42,1,1
4281,4701,6,0,1
4281,4731,6,0,1
4282,3598,6,1,1
4282,4282,39,1,1
4282,4701,6,0,1
4282,4731,6,0,1
4289,3598,6,1,1
4289,4214,12,1,1
4289,4289,42,1,1
4289,4701,6,0,1
4289,4731,6,0,1
4292,3598,6,1,1
4292,4292,33,1,1
4292,4701,6,0,1
4292,4731,6,0,1
4302,3598,6,1,1
4302,4302,24,1,1
4302,4702,6,0,1
4303,3598,6,1,1
4303,4527,42,1,1
4303,4541,26,1,1
4303,4644,30,1,1
4303,4656,30,1,1
4303,4677,30,1,1
4303,4678,30,1,1
4303,4678,30,1,8
4303,4679,12,1,1
4303,4708,6,0,1
4303,5264,30,1,1
4304,3598,6,1,1
4304,4241,42,1,1
4304,4318,24,1,1
4304,4702,6,0,1
4304,4737,6,0,1
4305,3598,6,1,1
4305,4306,30,1,1
4305,4306,30,1,8
4305,4307,30,1,1
4305,4308,29,1,1
4305,4400,27,1,1
4305,4704,6,0,1
4305,4737,6,0,1
4306,3598,6,1,1
4306,4569,24,1,1
4306,4666,24,1,1
4306,4708,6,0,1
4306,4729,12,1,1
4306,4740,6,0,1
4309,3253,42,1,1
4309,3254,42,1,1
4309,3255,54,1,1
4309,3598,6,1,1
4309,4547,54,1,1
4309,4548,42,1,1
4309,4552,24,1,1
4309,4554,18,1,1
4309,4702,6,0,1
4309,4737,6,0,1
4309,5262,18,1,1
4311,3598,6,1,1
4311,4549,42,1,1
4311,4551,18,1,1
4311,4553,22,1,1
4311,4567,42,1,1
4311,4702,6,0,1
4311,4737,6,0,1
4311,4738,6,0,1
4311,5263,42,1,1
4312,3598,6,1,1
4312,4312,18,1,1
4312,4702,6,0,1
4312,4738,6,0,1
4313,3598,6,1,1
4313,4313,18,1,1
4313,4320,18,1,1
4313,4403,18,1,1
4313,4702,6,0,1
4313,4738,6,0,1
4315,3598,6,1,1
4315,4142,18,1,1
4315,4310,42,1,1
4315,4314,42,1,1
4315,4315,42,1,1
4315,4316,42,1,1
4315,4317,18,1,1
4315,4401,32,1,1
4315,4404,42,1,1
4315,4579,42,1,1
4315,4704,6,0,1
4315,4738,6,0,1
4320,4715,12,0,1
4321,3598,6,0,1
4321,4322,12,0,1
4321,4323,24,0,1
4321,4702,6,0,1
4321,4737,6,0,1
4332,3598,6,1,1
4332,4332,33,1,1
4332,4702,6,0,1
4332,4737,6,0,1
4357,3598,6,1,1
4357,4357,18,1,1
4357,4702,6,0,1
4357,4738,6,0,1
4358,3598,6,1,1
4358,4358,18,1,1
4358,4702,6,0,1
4360,4712,12,0,1
4362,3598,6,1,1
4362,4362,18,1,1
4362,4363,30,1,1
4362,4364,30,1,1
4362,4702,6,0,1
4362,4737,6,0,1
4369,3598,6,1,1
4369,4369,12,1,1
4369,4701,6,0,1
4369,4731,6,0,1
4370,3598,6,1,1
4370,4372,18,1,1
4370,4373,18,1,1
4370,4374,18,1,1
4370,4375,18,1,1
4370,4375,18,1,8
4370,4381,12,1,1
4370,4402,15,1,1
4370,4706,6,0,1
4380,4714,12,0,1
4380,4717,12,0,1
4422,3598,6,1,1
4422,4416,12,1,1
4422,4422,34,1,1
4422,4422,34,1,8
4422,4423,12,1,1
4422,4538,20,1,1
4422,4706,6,0,1
4428,3598,6,1,0
4428,4428,18,0,0
4428,4430,18,0,0
4428,4706,6,0,0
4431,3598,6,1,1
4431,4431,30,1,1
4431,4431,30,1,8
4431,4449,12,1,1
4431,4477,20,1,1
4431,4706,6,0,1
4432,3598,6,1,1
4432,4432,30,1,1
4432,4446,12,1,1
4432,4457,16,1,1
4432,4706,6,0,1
4437,3598,6,1,1
4437,4427,12,1,1
4437,4437,24,1,1
4437,4706,6,0,1
4442,3598,6,1,1
4442,4426,18,1,1
4442,4442,22,1,1
4442,4442,22,1,8
4442,4539,17,1,1
4442,4706,6,0,1
4443,3598,6,1,1
4443,4443,30,0,1
4443,4706,6,0,1
4445,3598,6,1,1
4445,4445,27,0,1
4445,4505,17,0,1
4445,4706,6,0,1
4450,4450,48,0,1
4456,3598,6,1,1
4456,4456,15,1,1
4456,4703,6,0,1
4473,3598,6,1,1
4473,4473,42,1,1
4473,4703,6,0,1
4483,3598,6,1,1
4483,4483,42,1,1
4483,4705,6,0,1
4483,4737,6,0,1
4488,3598,6,1,1
4488,4482,30,1,1
4488,4488,42,1,1
4488,4488,42,1,8
4488,4499,30,1,1
4488,4705,6,0,1
4498,3598,6,1,1
4498,4498,48,0,1
4498,4705,6,0,1
4502,3598,6,1,1
4502,4502,18,0,0
4502,4704,6,0,1
4503,3598,6,1,1
4503,4503,18,0,0
4503,4704,6,0,1
4504,3598,6,1,1
4504,4504,30,0,1
4504,4704,6,0,1
4510,3598,6,1,1
4510,4486,33,0,0
4510,4510,30,0,1
4510,4704,6,0,1
4511,3598,6,1,1
4511,4511,30,1,1
4511,4511,30,0,8
4511,4705,6,0,1
4511,4709,6,0,1
4520,4715,12,0,1
4522,3598,6,1,1
4522,4522,12,1,1
4522,4705,6,0,1
4522,4790,12,1,1
4522,4791,12,1,1
4522,4792,24,1,1
4524,3598,6,1,1
4524,4523,12,1,1
4524,4524,24,1,1
4524,4536,14,1,1
4524,4545,24,1,1
4524,4546,24,1,1
4524,4705,6,0,1
4525,3598,6,1,1
4525,4525,42,1,1
4525,4705,6,0,1
4525,4737,6,0,1
4525,4881,42,0,0
4525,4882,42,0,1
4550,4716,12,0,1
4562,4562,12,1,8
4563,3598,6,1,1
4563,4563,39,1,1
4568,3598,6,1,1
4568,4568,39,1,1
4568,5032,39,1,1
4599,4599,36,1,1
4601,3598,6,1,1
4601,4335,42,1,1
4601,4378,30,1,1
4601,4530,42,1,1
4601,4702,6,0,1
4601,4737,6,0,1
4603,3598,6,1,1
4603,4603,29,1,1
4603,4701,6,0,1
4603,4731,6,0,1
4604,3598,6,1,1
4604,4218,24,1,1
4604,4218,24,1,8
4604,4240,42,1,1
4604,4260,54,1,1
4604,4355,42,1,1
4604,4356,24,1,1
4604,4399,34,1,1
4604,4702,6,0,1
4604,4738,6,0,1
4604,4755,54,1,1
4604,4757,54,1,1
4604,5050,54,1,1
4605,3598,6,1,1
4605,4451,21,0,1
4605,4452,24,1,1
4605,4453,36,1,1
4605,4454,36,1,1
4605,4455,25,1,1
4605,4703,6,0,1
4615,3598,6,1,1
4615,4615,38,1,1
4615,4616,38,1,1
4615,4634,9,1,1
4615,4680,9,1,1
4615,4707,6,0,1
4626,3598,6,1,1
4626,4564,38,1,1
4626,4565,38,1,1
4626,4566,25,1,1
4626,4626,38,1,1
4626,4630,18,1,1
4626,4707,6,0,1
4629,3229,40,1,1
4629,3235,40,1,1
4629,3236,31,1,1
4629,3237,42,1,1
4629,3598,6,1,1
4629,4629,38,1,1
4629,4688,38,1,1
4629,4689,38,1,1
4629,4690,38,1,1
4629,4691,18,1,1
4629,4700,29,1,1
4629,4707,6,0,1
4634,3598,6,1,1
4634,4634,12,0,1
4634,4707,6,0,1
4640,3598,6,1,1
4640,4575,36,1,1
4640,4640,40,1,1
4640,4643,11,1,1
4640,4692,24,1,1
4640,4697,32,1,1
4640,4698,32,1,1
4640,4707,6,0,1
4663,3598,6,1,1
4663,4574,43,1,1
4663,4663,33,1,1
4663,4683,26,1,1
4663,4708,6,0,1
4663,4724,22,1,1
4663,4759,15,1,1
4669,3245,12,1,1
4669,3246,14,1,1
4669,3598,6,1,1
4669,4604,12,1,1
4669,4605,30,1,1
4669,4669,30,1,1
4669,4708,6,0,1
4670,3598,6,1,1
4670,4670,24,1,1
4670,4705,6,0,1
4670,4711,6,0,1
4673,3598,6,1,1
4673,4672,30,1,1
4673,4672,30,1,8
4673,4674,12,1,1
4673,4676,30,1,1
4673,4693,42,1,1
4673,4694,30,1,1
4673,4708,6,0,1
4673,4723,26,1,1
4680,3598,6,1,1
4680,4667,24,1,1
4680,4681,24,1,1
4680,4682,12,1,1
4680,4685,36,1,1
4680,4708,6,0,1
4680,4727,20,1,1
4685,3598,6,1,1
4685,4600,30,1,1
4685,4601,30,1,1
4685,4602,30,1,1
4685,4606,30,1,1
4685,4607,30,1,1
4685,4608,30,1,1
4685,4609,30,1,1
4685,4610,30,1,1
4685,4611,30,1,1
4685,4612,30,1,1
4685,4684,12,1,1
4685,4686,30,1,1
4685,4687,30,1,1
4685,4696,30,1,1
4685,4708,6,0,1
4685,4740,6,0,1
4685,5261,42,1,1
4710,4198,12,0,0
4710,4710,12,1,1
4712,4712,6,1,1
4713,4713,6,0,1
4714,4714,6,1,1
4715,4715,6,1,1
4716,4716,6,1,1
4717,4717,6,1,1
4725,4725,24,1,1
4730,4730,6,1,1
4731,4731,6,0,1
4732,4732,6,1,1
4733,4733,6,1,1
4734,4734,6,1,1
4735,4735,6,1,1
4736,4736,6,1,1
4737,4737,6,1,1
4738,4738,6,1,1
4739,4739,6,0,1
4740,4740,6,1,1
4741,4741,36,1,1
4750,3598,6,1,1
4750,4703,6,0,1
4750,4750,24,1,1
4754,3598,6,1,1
4754,4702,6,0,1
4754,4754,24,1,1
4756,3598,6,0,1
4756,4705,6,0,1
4756,4756,24,1,1
4758,3598,6,1,1
4758,4719,6,0,1
4758,4758,24,1,1
4760,3598,6,1,1
4760,4707,6,0,1
4760,4760,24,1,1
4762,3598,6,1,1
4762,4705,6,0,1
4762,4762,24,1,1
4763,4764,6,1,1
4763,4765,18,1,1
4763,4766,18,1,1
4763,4767,18,1,1
4763,4768,6,1,1
4780,3598,6,1,1
4780,4709,6,0,1
4780,4780,13,0,1
4781,3598,6,1,1
4781,4709,6,0,1
4781,4728,13,1,1
4781,4780,13,1,1
4781,4781,20,1,1
4782,3598,6,1,1
4782,4709,6,0,1
4782,4782,27,1,1
4783,3598,6,1,1
4783,4708,6,0,1
4783,4783,24,1,1
4784,3598,6,1,1
4784,4707,6,0,1
4784,4784,24,0,1
4785,3598,6,1,1
4785,4703,6,0,1
4785,4785,24,1,1
4786,3598,6,1,1
4786,4702,6,0,1
4786,4786,24,1,1
4787,4731,6,0,1
4787,4787,24,1,1
4788,3598,6,1,1
4788,4706,6,0,1
4788,4735,6,0,1
4788,4788,24,1,1
4789,3598,6,1,1
4789,4704,6,0,1
4789,4738,6,0,1
4789,4789,24,1,1
4790,3598,6,1,1
4790,4780,14,1,1
4791,3598,6,1,1
4791,4781,33,1,1
4800,4800,24,0,1
4801,4801,36,1,1
4802,4802,36,1,1
4803,4803,36,1,1
4808,4808,24,1,1
4809,4809,24,1,1
4810,4810,24,1,1
4811,4811,24,1,1
4811,5707,24,1,1
4860,4860,48,0,1
4860,4861,36,0,0
4861,4861,36,0,1
4874,4874,48,0,1
4876,4876,48,0,1
4880,4880,36,0,1
4994,4994,12,1,1
4996,3598,6,1,1
4996,4198,12,0,1
4996,4719,12,0,1
4996,4996,36,0,1
4996,4996,36,0,8
4998,5199,12,1,1
4999,4999,24,1,1
5000,5000,12,1,8
5001,5001,12,1,8
5003,5003,24,0,1
5004,5004,24,0,1
5005,5005,36,0,1
5006,5006,24,0,1
5007,5007,27,0,1
5008,5008,24,0,1
5009,5009,24,0,1
5017,5017,6,0,1
5017,5017,6,0,8
5020,5020,24,0,1
5021,5021,6,1,1
5025,5025,17,0,1
5026,5026,12,1,8
5027,5027,27,1,1
5030,4060,18,0,1
5030,4062,18,0,1
5030,5031,18,0,1
5032,5033,18,0,1
5032,5034,18,0,1
5032,5034,18,0,8
5032,5037,18,0,1
5035,5035,18,0,1
5036,5036,18,0,1
5037,4054,18,0,1
5037,4055,30,0,0
5037,5039,18,0,1
5037,5040,18,0,1
5037,5041,18,0,1
5037,5042,18,0,1
5037,5045,20,0,1
5038,5038,18,0,1
5045,4056,12,0,1
5045,4057,12,0,1
5045,4058,12,0,1
5045,4059,12,0,1
5045,9661,12,0,0
5050,2472,6,0,1
5050,3955,6,0,8
5050,5015,6,0,1
5050,5016,6,0,1
5050,5018,6,0,1
5050,5019,6,0,1
5050,5044,6,0,1
5050,5048,6,0,1
5050,5049,6,0,1
5050,5051,6,0,1
5050,5052,6,0,1
5050,5053,6,0,1
5050,5054,6,0,1
5050,5091,6,0,1
5055,3043,36,0,1
5055,4032,36,0,1
5055,4033,36,1,1
5055,4034,36,1,1
5055,4035,36,1,1
5055,4070,36,1,1
5055,4071,36,1,1
5055,4072,36,0,1
5055,4073,36,0,1
5055,4074,36,1,1
5055,4076,36,1,1
5055,4077,36,1,1
5055,4078,36,1,1
5055,4086,36,1,1
5055,5055,36,0,2
5055,9197,36,0,0
5060,5060,6,1,1
5063,5022,24,0,1
5063,5023,24,0,1
5063,5024,24,0,1
5063,5056,24,1,1
5063,5057,24,1,1
5063,5058,24,1,1
5063,5059,24,1,1
5063,5062,24,1,1
5063,5063,24,0,1
5063,5064,24,1,1
5063,5101,24,1,1
5063,5102,24,1,1
5063,5103,24,1,1
5063,5104,24,1,1
5063,5105,24,1,1
5063,5106,24,1,1
5063,5107,24,1,1
5063,5108,24,1,1
5063,5109,24,1,1
5063,5204,24,0,1
5071,2463,24,0,1
5071,2464,24,0,1
5071,2465,24,0,1
5071,2466,24,0,1
5071,2467,24,0,1
5071,2468,24,0,1
5071,5066,24,0,1
5071,5067,24,0,1
5071,5068,24,0,1
5071,5069,24,0,1
5071,5070,24,0,1
5071,5071,24,0,1
5071,5072,24,0,1
5071,5073,24,0,1
5074,5074,18,0,1
5075,3178,42,1,1
5075,3288,42,1,1
5075,5075,42,0,1
5076,5076,30,0,1
5077,5077,24,0,1
5078,5078,24,0,1
5079,5079,30,0,1
5080,5080,36,0,1
5080,5081,12,1,1
5080,5088,24,1,1
5080,5092,24,0,1
5080,5097,36,1,1
5082,5082,24,0,1
5083,5083,22,0,1
5084,5084,22,0,1
5085,5085,24,0,1
5086,5086,24,0,1
5087,5087,24,0,1
5089,5089,42,0,1
5090,5028,12,1,1
5090,5029,24,1,1
5090,5090,36,0,1
5090,5098,36,1,1
5093,5093,24,0,1
5094,5094,24,0,1
5095,5095,24,0,1
5096,5096,36,0,1
5099,5099,30,1,1
5111,5111,24,0,0
5112,5112,24,0,0
5113,5113,36,0,1
5114,5114,4,0,1
5115,5115,12,0,1
5116,5116,36,0,0
5117,5117,12,0,8
5118,5118,12,0,0
5119,5119,42,1,1
5120,5120,36,0,0
5121,5121,24,0,1
5122,5122,24,0,1
5123,5123,24,0,1
5124,5124,24,0,1
5125,5125,24,1,1
5126,5126,12,1,8
5127,5127,42,1,1
5128,5128,12,0,8
5129,5129,24,0,1
5130,4060,24,0,1
5130,4061,42,0,1
5130,4061,42,0,8
5130,4087,33,0,1
5130,4092,24,0,1
5131,5131,24,0,1
5131,5231,24,0,1
5131,5232,24,0,1
5131,5233,24,0,1
5131,5234,24,0,1
5131,5235,24,0,1
5132,4069,24,1,1
5132,5033,24,0,1
5132,5034,24,1,1
5132,5043,24,0,1
5132,5132,24,0,1
5133,5065,24,0,1
5133,5133,24,0,1
5133,5160,24,0,1
5133,5162,24,0,1
5134,5100,24,0,1
5134,5110,24,0,1
5134,5130,24,0,1
5134,5134,24,0,1
5134,5163,24,0,1
5134,5164,24,0,1
5134,5260,24,0,1
5135,2475,24,1,1
5135,4029,24,1,1
5135,4052,24,1,1
5135,5135,24,1,1
5135,5141,24,1,1
5136,5136,24,0,1
5137,5137,24,0,1
5138,5138,18,0,1
5139,5139,24,1,1
5140,3210,24,0,1
5140,5140,36,0,1
5140,5140,36,0,8
5141,5141,24,0,1
5142,5142,18,0,1
5142,5142,10,0,2
5143,5143,24,0,1
5144,5144,12,1,1
5145,5145,12,0,1
5146,5146,12,0,2
5147,5147,14,1,1
5147,5147,6,1,2
5148,5148,12,0,1
5149,5149,28,0,1
5150,5150,12,0,1
5151,5151,42,1,1
5152,5152,20,0,1
5152,5152,11,0,2
5153,5153,42,1,1
5154,5154,12,0,1
5155,5155,18,1,1
5156,5156,24,0,0
5157,5157,42,1,1
5158,3182,42,1,1
5158,3183,42,1,1
5158,3284,42,1,1
5158,5158,42,0,1
5159,5159,42,1,1
5160,5160,48,1,1
5161,5161,66,1,1
5162,5034,24,1,1
5163,4069,24,1,1
5165,5165,36,1,1
5166,5166,42,1,1
5166,5166,36,1,2
5168,3209,18,1,1
5168,5167,12,0,1
5168,5168,12,0,1
5169,5169,12,0,1
5169,5170,12,0,1
5169,5172,12,0,1
5169,5173,12,0,1
5171,5171,12,0,0
5174,5174,24,0,1
5175,5175,42,1,1
5176,5176,42,1,1
5177,5177,36,1,1
5178,5178,12,0,1
5178,5181,12,0,1
5179,5179,12,0,1
5180,5180,24,1,1
5180,5181,12,0,1
5182,5182,24,1,1
5183,5183,12,0,1
5184,5184,12,1,1
5185,5185,24,0,1
5186,5186,48,0,0
5187,5187,12,0,1
5188,5188,48,0,1
5189,5189,36,0,1
5190,5190,24,0,1
5191,5191,18,0,1
5192,5192,12,0,1
5193,5193,12,0,1
5194,5194,18,0,1
5195,5195,36,0,1
5196,5196,36,0,1
5197,5197,24,1,1
5198,5198,36,0,1
5199,5199,36,1,1
5200,5200,30,0,1
5201,5201,24,0,2
5202,5202,24,0,1
5203,5203,24,0,1
5205,5205,24,0,0
5206,5206,36,0,0
5207,5207,36,0,0
5208,5208,48,0,1
5209,5209,48,1,1
5210,5210,18,0,1
5211,5211,18,0,1
5211,5222,18,0,1
5211,5227,18,0,1
5212,5212,24,1,1
5213,5213,24,0,1
5214,5214,24,1,1
5215,5215,10,1,1
5216,5216,24,1,1
5217,5217,24,1,1
5218,5218,24,1,1
5219,5219,24,0,1
5220,5220,24,1,1
5221,4040,36,1,1
5221,4041,36,1,1
5221,5221,54,1,1
5222,5223,12,1,1
5222,5224,6,1,1
5222,5225,18,1,1
5222,5228,16,1,1
5222,5229,22,1,1
5223,4040,54,1,1
5223,4041,54,1,1
5223,5221,54,1,1
5224,4040,54,1,1
5224,4041,54,1,1
5225,4040,54,1,1
5225,4041,54,1,1
5226,5226,45,1,1
5227,5188,48,1,1
5227,5226,45,0,1
5230,5230,12,1,1
5236,5236,24,0,1
5237,5237,24,0,1
5238,5238,24,1,1
5239,5239,24,1,1
5240,5240,24,1,1
5241,5241,24,1,1
5242,5242,24,1,1
5243,5243,24,1,1
5244,5244,24,0,1
5245,5245,24,0,1
5246,5246,36,1,1
5247,5247,42,0,1
5248,5248,42,1,1
5249,5249,24,1,1
5250,5250,42,0,1
5251,5251,42,0,1
5252,5252,42,0,1
5253,5253,42,1,1
5254,5254,42,1,1
5255,5255,42,1,1
5256,5256,42,1,1
5257,5257,42,0,1
5258,5258,42,0,1
5259,5259,42,1,1
5260,5360,24,1,1
5260,5361,24,0,1
5260,5362,24,0,1
5260,5363,24,0,1
5260,5364,24,0,1
5261,5361,24,0,1
5262,5362,24,1,1
5263,5363,24,1,1
5264,5364,24,0,1
5265,5265,24,1,1
5266,5266,42,0,1
5267,5267,42,0,1
5268,5268,42,1,1
5269,5269,42,1,1
5270,5270,42,1,1
5271,5271,24,0,1
5272,5272,24,0,1
5273,5273,24,1,1
5274,5274,24,0,1
5275,5275,42,0,1
5276,5276,42,0,1
5277,5277,42,0,1
5278,5278,42,1,1
5279,5279,42,0,1
5280,5280,42,0,1
5281,5281,42,0,1
5282,5282,42,1,1
5283,5283,42,1,1
5284,5284,42,1,1
5285,5285,24,1,1
5286,5286,24,1,1
5287,5231,24,1,1
5287,5232,24,1,1
5287,5233,24,1,1
5287,5234,24,1,1
5287,5235,24,1,1
5288,5231,24,1,1
5288,5232,24,1,1
5288,5233,24,1,1
5288,5234,24,1,1
5288,5235,24,1,1
5289,5065,24,0,1
5289,5133,24,1,1
5289,5162,24,0,1
5290,5065,24,0,1
5290,5133,24,1,1
5290,5162,24,0,1
5291,5136,24,1,1
5292,5136,24,1,1
5293,5082,24,1,1
5294,5082,24,1,1
5295,5295,24,0,1
5296,5123,24,1,1
5297,5123,24,1,1
5299,5298,18,1,2
5299,5299,12,1,1
5300,5301,36,0,0
5300,5302,36,0,0
5300,5303,36,0,0
5301,5252,42,0,1
5302,5252,42,0,1
5302,5348,42,1,1
5303,5266,42,0,1
5303,5411,42,1,1
5304,5266,42,1,1
5304,5411,42,1,1
5305,5306,36,0,0
5305,5307,36,0,0
5306,5267,42,0,1
5307,5267,42,0,1
5307,5407,42,1,1
5308,5308,42,1,1
5309,5309,42,1,1
5310,5311,36,0,0
5310,5312,36,0,0
5310,5313,36,0,0
5310,5314,36,0,0
5310,5316,48,0,0
5310,5317,48,0,0
5310,5318,48,0,0
5310,5320,36,0,0
5310,5321,48,0,0
5310,5322,48,0,0
5310,5323,48,0,0
5311,5277,42,0,1
5312,5277,42,0,1
5315,5315,36,0,0
5324,5324,42,1,1
5325,5300,36,0,1
5325,5301,36,0,0
5325,5302,36,0,0
5325,5303,36,0,0
5325,5304,36,0,0
5325,5305,36,0,1
5325,5306,36,0,1
5325,5307,36,0,1
5325,5310,36,0,1
5325,5311,36,0,1
5325,5312,36,0,1
5325,5313,36,0,1
5325,5314,36,0,1
5325,5315,36,0,1
5325,5316,48,0,1
5325,5317,48,0,1
5325,5318,48,0,1
5325,5319,36,0,1
5325,5320,36,0,1
5325,5321,48,0,1
5325,5322,48,0,1
5325,5323,48,0,1
5325,5325,36,0,1
5325,5330,36,0,1
5326,3184,18,0,1
5326,3185,18,0,1
5326,3283,18,0,1
5326,5326,18,0,1
5327,5327,54,1,1
5328,5328,42,0,1
5329,5329,42,0,1
5331,5331,54,0,1
5332,5332,42,0,1
5333,5333,42,0,1
5334,5334,42,0,1
5335,5335,42,0,1
5336,5336,42,0,1
5337,5337,42,0,1
5338,5338,42,0,1
5339,5339,42,0,1
5340,5344,42,0,1
5340,5346,42,0,1
5341,5340,42,0,1
5342,5342,42,0,1
5343,5343,42,0,1
5344,5344,42,0,1
5345,5345,48,1,1
5346,5346,42,0,1
5347,5347,42,1,1
5348,5350,42,0,1
5349,5349,30,0,1
5350,5350,42,0,1
5351,5351,30,0,1
5352,5341,42,0,0
5352,5352,42,0,1
5352,5353,42,0,0
5352,5354,42,0,0
5353,5331,54,0,1
5354,5331,54,0,1
5354,5405,54,1,1
5355,5355,42,0,1
5356,5356,30,0,1
5357,5357,42,0,1
5358,5358,30,0,1
5359,5359,24,1,1
5360,5360,60,0,1
5360,5365,60,0,1
5360,5366,60,0,1
5360,5367,60,0,1
5360,5368,60,0,1
5360,5369,60,0,1
5360,5370,60,0,1
5360,5375,60,0,1
5360,5376,60,0,1
5360,5377,60,0,1
5360,5390,60,0,1
5360,5391,60,0,1
5360,5392,60,0,1
5360,5393,60,0,1
5360,5394,60,0,1
5360,5395,60,0,1
5361,5361,60,0,1
5362,5362,60,0,1
5363,5363,60,0,1
5364,5364,60,0,1
5365,5365,60,0,1
5385,5385,24,1,1
5387,5387,24,0,1
5388,5388,24,1,1
5391,5391,60,0,1
5397,5397,24,1,1
5399,5399,36,1,1
5400,5400,60,0,1
5401,5400,24,0,1
5401,5401,60,0,1
5401,5404,60,0,1
5403,5403,60,0,1
5405,5406,60,0,1
5407,5408,60,0,1
5409,5409,60,0,1
5410,5410,24,1,1
5411,5412,60,0,1
5413,5413,60,0,1
5414,5414,24,0,1
5415,5415,66,0,1
5416,5416,36,0,1
5417,5417,36,1,1
5418,5417,36,0,1
5419,5419,24,1,1
5420,5420,24,1,1
5421,5421,24,0,1
5422,5422,24,0,1
5423,5423,24,0,1
5424,5424,42,0,1
5425,5425,60,0,1
5425,7425,60,0,1
5426,5426,18,0,1
5427,5427,36,0,1
5428,5428,24,1,1
5429,5429,42,0,1
5430,5430,24,0,1
5431,5431,30,1,1
5431,5431,30,1,8
5432,5432,24,1,1
5433,5433,60,0,1
5433,7220,60,0,1
5434,5434,36,1,1
5434,5434,36,1,8
5435,5435,36,0,1
5436,5436,42,1,1
5437,5437,48,1,1
5438,5438,42,1,1
5439,5439,42,1,1
5440,5440,48,1,1
5440,5440,48,1,8
5441,5441,42,1,1
5442,5442,42,0,1
5443,5443,18,1,1
5443,5443,10,1,2
5444,3186,42,1,1
5444,3187,42,1,1
5444,3282,42,1,1
5444,5444,42,0,1
5444,5444,30,0,2
5445,5445,36,0,1
5446,5446,42,0,1
5447,5447,36,0,1
5448,5448,24,1,1
5449,5449,24,1,1
5450,5450,42,0,1
5451,5451,12,1,1
5452,5452,24,0,1
5453,5453,24,1,1
5454,5454,24,0,1
5455,5455,24,0,1
5456,3188,24,1,1
5456,3855,24,0,1
5456,5456,42,1,1
5457,5457,42,1,1
5457,5504,42,1,1
5457,5509,42,1,1
5458,5458,48,0,1
5459,3179,18,0,1
5459,3180,18,0,1
5459,3274,18,0,1
5459,5459,18,0,1
5460,3189,42,1,1
5460,3190,42,1,1
5460,3280,42,1,1
5460,5460,42,0,1
5460,5501,42,1,1
5460,5502,42,1,1
5461,5461,48,0,1
5462,5462,48,0,1
5463,5463,36,1,1
5463,5467,42,0,1
5464,5464,12,0,1
5465,5465,24,0,1
5466,5466,24,1,1
5467,5467,36,0,1
5468,5468,24,0,1
5469,3191,42,1,1
5469,3279,42,1,1
5469,5469,42,1,1
5470,5470,60,0,1
5471,5471,6,1,1
5472,5472,18,1,1
5473,5473,18,1,1
5474,5474,24,1,1
5475,5475,18,0,1
5476,5476,18,0,1
5477,5477,12,0,8
5478,3179,18,1,1
5478,3274,18,1,1
5479,3179,18,1,1
5479,3274,18,1,1
5480,5480,36,0,1
5483,5478,36,1,1
5483,5479,36,1,1
5483,5481,36,1,1
5483,5482,36,1,1
5483,5483,36,1,1
5483,5483,36,1,8
5483,5503,36,1,1
5484,5484,42,0,1
5485,5478,36,0,1
5485,5479,36,0,1
5485,5481,36,0,1
5485,5482,36,0,1
5485,5485,36,1,1
5485,5485,36,1,8
5486,5486,36,1,1
5487,5487,42,1,1
5488,5488,18,0,1
5489,5489,18,0,1
5490,3192,42,0,1
5490,3193,42,0,1
5490,3194,42,0,1
5490,3195,42,0,1
5490,3278,42,0,1
5490,5490,42,0,1
5491,5491,19,0,1
5492,5492,42,0,1
5493,5493,8,0,0
5494,3196,18,0,1
5494,3197,18,0,1
5494,3198,18,0,1
5494,3199,18,0,1
5494,3200,18,0,1
5494,3201,18,0,1
5494,3202,18,0,1
5494,3203,18,0,1
5494,3204,18,0,1
5494,3290,18,0,1
5494,5494,18,0,1
5495,5495,8,0,0
5496,5496,8,0,0
5497,5497,42,0,1
5498,5498,24,0,0
5499,3205,18,0,1
5499,3277,18,0,1
5499,5499,18,0,1
5500,5500,42,1,1
5501,5541,24,0,0
5501,5631,24,0,0
5502,5542,24,0,0
5502,5632,24,0,0
5503,5543,24,0,0
5503,5633,24,0,0
5505,5545,24,0,0
5505,5635,24,0,0
5506,5546,24,0,0
5506,5636,24,0,0
5507,5547,24,0,0
5507,5637,24,0,0
5508,5508,12,0,0
5510,5511,24,0,0
5510,5512,24,0,0
5510,5513,24,0,0
5510,5514,24,0,0
5510,5515,24,0,0
5510,5516,24,0,0
5510,5517,24,0,0
5510,5518,24,0,0
5510,5519,24,0,0
5510,5520,24,0,0
5510,5521,24,0,0
5510,5522,24,0,0
5510,5523,24,0,0
5510,5524,24,0,0
5510,5525,24,0,0
5510,5526,24,0,0
5510,5527,24,0,0
5510,5528,24,0,0
5510,5529,24,0,0
5510,5530,24,0,0
5510,5531,24,0,0
5511,5491,18,1,1
5512,5491,18,1,1
5513,5489,18,1,1
5514,5489,18,1,1
5515,3192,42,1,1
5515,3193,42,1,1
5515,3194,42,1,1
5515,3195,42,1,1
5515,3278,42,1,1
5516,3192,42,1,1
5516,3193,42,1,1
5516,3194,42,1,1
5516,3195,42,1,1
5516,3278,42,1,1
5517,5492,42,1,1
5518,5492,42,1,1
5532,5532,60,0,1
5533,5533,60,0,1
5534,5534,60,0,1
5534,6399,12,0,7
5535,5535,60,0,1
5536,5536,60,0,1
5537,5537,60,0,1
5538,5124,24,1,1
5539,5124,24,1,1
5540,5540,42,1,1
5544,5544,24,1,1
5548,5086,24,1,1
5549,5086,24,1,1
5550,5550,12,1,8
5551,5551,12,0,8
5551,5581,24,0,8
5552,5552,12,0,8
5552,5582,24,0,1
5553,5553,12,0,8
5553,5583,24,0,1
5554,5554,24,1,1
5555,5555,12,0,8
5556,5556,12,0,8
5556,5586,24,0,1
5557,5557,12,0,8
5557,5587,24,0,1
5558,5122,24,1,1
5559,5122,24,1,1
5560,5561,24,0,0
5560,5562,24,0,0
5560,5563,24,0,0
5560,5564,24,0,0
5560,5565,24,0,0
5560,5566,24,0,0
5567,5121,24,1,1
5568,5121,24,0,1
5569,5569,42,1,1
5570,5591,24,0,1
5570,5592,24,0,1
5570,5596,24,0,1
5570,5597,24,0,1
5571,5571,24,0,1
5572,5572,24,0,1
5573,5137,24,1,1
5574,5137,24,0,1
5575,5575,36,0,0
5576,5576,24,0,1
5577,5577,24,0,1
5578,5578,6,0,1
5578,5578,12,1,8
5579,5579,42,1,1
5580,5580,36,0,1
5584,5129,24,1,1
5585,5129,24,1,1
5588,5588,24,1,1
5589,5589,24,1,1
5590,5590,24,0,1
5591,5591,24,1,1
5592,5592,24,1,1
5593,5593,24,0,1
5594,5594,24,0,1
5595,5595,24,0,1
5596,5596,24,1,1
5597,5597,24,1,1
5598,5598,24,0,1
5599,5599,24,0,1
5600,5600,24,0,0
5601,5602,24,0,0
5601,5603,36,0,0
5604,5901,36,0,1
5605,5901,36,0,1
5606,5606,36,1,1
5607,5607,24,0,1
5608,5608,36,0,1
5609,5609,36,0,1
5610,5621,60,0,1
5611,5611,36,1,1
5612,5612,24,1,1
5613,5909,12,0,1
5614,5614,36,1,1
5615,5615,24,1,1
5616,5616,12,0,1
5617,5618,24,1,1
5617,5619,48,0,1
5620,5620,36,1,1
5621,5621,24,1,1
5622,5622,24,0,1
5623,5623,24,1,1
5624,5624,24,1,1
5625,5100,24,0,1
5625,5110,24,1,1
5625,5130,24,1,1
5625,5163,24,1,1
5625,5164,24,1,1
5625,5260,24,1,1
5626,5110,24,0,1
5626,5130,24,0,1
5626,5163,24,0,1
5626,5164,24,0,1
5626,5260,24,0,1
5627,5174,24,1,1
5628,5174,24,0,1
5629,5629,42,1,1
5630,5630,12,0,8
5631,5631,24,0,8
5632,5632,24,0,8
5633,5633,24,0,8
5634,5634,42,1,1
5635,5635,24,0,8
5636,5636,24,0,8
5637,5637,24,0,8
5638,5203,24,1,1
5639,5203,24,1,1
5640,4060,24,1,1
5640,4061,42,1,1
5640,4092,24,0,1
5641,4060,24,1,1
5641,4061,42,1,1
5641,4092,24,0,1
5642,3184,18,1,1
5642,3185,18,1,1
5642,3283,18,1,1
5643,3184,18,1,1
5643,3185,18,1,1
5643,3283,18,1,1
5644,3196,18,1,1
5644,3197,18,1,1
5644,3198,18,1,1
5644,3199,18,1,1
5644,3200,18,1,1
5644,3201,18,1,1
5644,3202,18,1,1
5644,3203,18,1,1
5644,3204,18,1,1
5644,3290,18,1,1
5644,5494,18,0,1
5645,3196,18,1,1
5645,3197,18,1,1
5645,3198,18,1,1
5645,3199,18,1,1
5645,3200,18,1,1
5645,3201,18,1,1
5645,3202,18,1,1
5645,3203,18,1,1
5645,3204,18,1,1
5645,3290,18,1,1
5646,5497,42,1,1
5647,5497,42,1,1
5648,5488,18,1,1
5649,5488,18,1,1
5650,5650,18,1,1
5651,5651,36,0,1
5652,5652,24,0,1
5653,5653,24,1,1
5654,5654,36,0,1
5655,5655,42,1,1
5656,5656,36,1,1
5657,5657,24,1,1
5658,5658,24,0,1
5659,3205,18,0,1
5659,3277,18,0,1
5659,5499,18,1,1
5660,3205,18,0,1
5660,3277,18,0,1
5660,5499,18,1,1
5661,5661,36,0,1
5662,5662,24,0,1
5663,5663,36,0,1
5664,5685,42,1,1
5665,5685,42,1,1
5666,5666,36,1,1
5667,5667,24,1,1
5668,5426,18,1,1
5669,5426,18,1,1
5670,5670,30,0,1
5671,5671,30,0,1
5672,5672,30,0,1
5673,5673,30,0,1
5674,5674,30,0,1
5675,5675,36,0,1
5676,5676,36,0,1
5677,5677,36,0,1
5678,5678,36,0,1
5679,5679,36,0,1
5680,5680,24,0,1
5681,5681,36,0,1
5682,5682,36,0,1
5683,5683,42,1,1
5684,5684,39,1,1
5685,5685,42,0,1
5686,5686,42,1,1
5687,5687,42,0,1
5688,5688,36,1,1
5689,5689,36,1,1
5690,5690,36,1,1
5690,5691,36,1,1
5691,5896,42,1,1
5691,5910,24,1,1
5692,5692,36,1,1
5692,5693,36,1,1
5692,5694,36,1,1
5692,5696,36,1,1
5692,5697,36,1,1
5695,5695,12,0,1
5698,5698,36,1,1
5699,5699,42,1,1
5700,5700,36,0,1
5700,6381,18,0,9
5700,6398,12,0,7
5701,5701,36,0,1
5702,5702,36,0,1
5703,5703,24,0,1
5703,5708,24,0,1
5703,6381,18,0,9
5703,6398,12,0,7
5704,5704,36,0,1
5705,5705,36,0,1
5706,5706,36,0,1
5707,5707,17,0,1
5708,5707,17,1,1
5708,5708,24,0,1
5708,5708,24,0,8
5709,5709,36,0,1
5710,5710,12,1,8
5710,6398,12,1,7
5711,5711,36,0,1
5712,5712,36,1,1
5713,5713,36,1,1
5714,5714,36,1,1
5715,5715,42,0,1
5716,5716,36,1,1
5717,5717,24,1,1
5718,5718,36,0,1
5719,5719,12,0,8
5720,5720,12,1,8
5721,5721,12,0,8
5721,6398,12,0,7
5722,5722,12,1,8
5722,6398,12,1,7
5723,5723,12,0,8
5724,5724,12,1,8
5724,6398,12,1,7
5725,5725,12,1,8
5725,6398,12,1,7
5726,5726,12,0,8
5727,5727,12,0,8
5728,5728,12,0,8
5729,5729,12,0,8
5730,5730,12,0,8
5731,5731,12,0,8
5732,5732,12,1,8
5733,5733,36,1,1
5734,5734,36,1,1
5735,5735,48,1,1
5736,4474,48,0,1
5736,5736,42,1,1
5737,5737,24,1,1
5738,5738,24,0,1
5739,5739,24,0,1
5740,5740,24,0,1
5741,5741,24,0,1
5742,5742,24,0,1
5743,5743,24,0,1
5744,5744,24,0,1
5745,5745,36,0,1
5746,5746,12,0,1
5747,5747,12,0,1
5748,5748,12,0,1
5749,5749,12,0,1
5750,5750,44,0,1
5751,5751,12,0,8
5752,5752,12,0,8
5753,5753,12,0,1
5754,5754,12,0,1
5755,5755,24,0,0
5756,5756,12,0,1
5757,5757,12,0,1
5758,5758,18,0,1
5759,5759,18,0,1
5760,5761,44,0,1
5760,5762,44,0,1
5760,5763,44,0,1
5761,5715,42,1,1
5762,5715,42,0,1
5764,5764,36,1,1
5765,5766,24,0,0
5765,5767,24,0,0
5765,5768,24,0,0
5766,5706,36,1,1
5767,5706,36,0,1
5769,5769,36,1,1
5770,5770,44,0,1
5770,5771,44,0,1
5770,5772,44,0,1
5770,5773,44,0,1
5771,5687,42,1,1
5772,5687,42,1,1
5774,5774,24,1,1
5775,5776,24,0,0
5775,5777,24,0,0
5775,5778,24,0,0
5779,5779,24,1,1
5780,5780,36,1,1
5781,5781,48,0,1
5782,5782,24,0,1
5783,5783,36,1,1
5784,5784,24,1,1
5785,5785,24,1,1
5786,5786,24,1,1
5787,5787,24,0,1
5788,5788,24,1,1
5789,5789,24,1,1
5790,5790,12,0,1
5790,5791,42,1,1
5791,5791,30,0,1
5792,5792,12,0,1
5793,5793,12,0,1
5794,5794,12,0,1
5795,5795,12,0,1
5796,5796,12,0,1
5797,5797,48,0,1
5798,5798,18,0,1
5799,5799,18,1,1
5800,5801,48,1,1
5800,5802,48,1,1
5800,5803,48,1,1
5800,5804,48,1,1
5800,5806,48,1,1
5801,5801,48,1,1
5802,5802,48,1,1
5803,5803,48,1,1
5804,5804,48,1,1
5805,5805,24,1,1
5806,5806,48,1,1
5807,5807,54,1,1
5808,3206,42,1,1
5808,3289,42,1,1
5808,5808,42,0,1
5809,5809,36,1,1
5810,5810,72,0,1
5810,5820,72,0,1
5810,5821,72,0,1
5810,5822,72,0,1
5810,5823,72,0,1
5810,5824,72,0,1
5810,5825,72,0,1
5811,5811,48,0,1
5812,5812,36,1,1
5813,5813,36,1,1
5814,5814,12,1,8
5815,5816,48,1,1
5815,5817,48,1,1
5816,5816,48,1,1
5817,5817,48,1,1
5818,5818,12,1,8
5820,5820,72,0,1
5821,5821,72,0,1
5822,5822,72,0,1
5823,5823,72,0,1
5824,5824,72,0,1
5830,5830,24,0,1
5831,5819,36,1,1
5831,5826,36,1,1
5831,5827,36,1,1
5831,5828,36,1,1
5831,5829,36,1,1
5831,5831,36,1,1
5832,5832,24,1,1
5833,5833,36,0,1
5834,5834,36,0,1
5835,5833,36,0,1
5835,5834,36,0,1
5835,5836,36,0,1
5835,5837,36,0,1
5835,5838,36,0,1
5836,5836,36,0,1
5837,5837,36,0,1
5838,5838,36,0,1
5839,5839,36,0,1
5840,5840,24,0,1
5841,5841,24,0,1
5842,5842,24,0,1
5843,5843,24,0,1
5844,5844,24,0,1
5845,5846,48,0,1
5845,5847,48,0,1
5845,5848,48,0,1
5846,5846,48,1,1
5847,5847,48,1,1
5848,5848,48,1,1
5849,5849,48,1,1
5850,5850,48,1,1
5851,5851,36,1,1
5852,5852,48,1,1
5853,5853,36,1,1
5854,5854,12,1,8
5855,5855,48,1,1
5856,5856,48,0,1
5856,5859,48,0,1
5857,5857,12,1,1
5858,5858,24,1,1
5860,5860,36,1,1
5861,5475,18,1,1
5862,5475,18,1,1
5863,5476,18,1,1
5864,5476,18,1,1
5865,5865,24,1,1
5865,5866,33,0,1
5865,5867,33,0,1
5865,5868,33,0,1
5865,5869,33,0,1
5870,5870,30,1,1
5870,5871,30,0,0
5870,5872,30,0,0
5873,5873,24,1,1
5874,5874,6,1,1
5875,5875,19,1,1
5875,5877,19,0,1
5876,5876,7,1,1
5878,5878,4,1,1
5879,5879,5,1,1
5880,5880,11,1,1
5881,5881,12,0,1
5882,5882,12,0,1
5883,5883,12,0,1
5884,5884,12,1,1
5885,5885,12,1,1
5885,5886,18,0,1
5885,5889,18,0,1
5887,5887,42,1,1
5888,5888,42,1,1
5890,5890,36,1,1
5891,5891,42,1,1
5892,5892,24,1,1
5893,5893,48,1,1
5894,5894,24,1,1
5895,5895,24,1,1
5896,5896,42,1,1
5896,5910,24,1,1
5897,5897,24,1,1
5898,5898,24,1,1
5899,5899,48,1,1
5900,5900,60,0,1
5900,5901,60,0,1
5900,5902,60,0,1
5900,5903,60,0,1
5900,5904,24,0,1
5900,5905,48,0,1
5900,5906,60,0,1
5900,5909,60,0,1
5907,5907,48,0,1
5908,5908,48,0,1
5908,5917,60,0,1
5908,5918,60,0,1
5910,5914,48,0,1
5910,5915,48,0,1
5910,5924,60,0,1
5910,5925,60,0,1
5911,5911,36,1,1
5912,5912,36,1,1
5913,5913,24,1,1
5916,5916,24,1,1
5919,5919,24,1,1
5920,5921,48,0,1
5920,5922,60,0,1
5920,5926,24,0,1
5923,5923,48,1,1
5927,5927,36,1,1
5928,5928,36,1,1
5929,5929,36,1,1
5930,5930,42,1,1
5931,5931,36,0,1
5932,5932,36,0,1
5933,5933,36,0,1
5934,5934,36,0,1
5935,5935,36,0,1
5936,5936,36,0,1
5937,5937,36,0,1
5938,5938,36,0,1
5939,5939,36,0,1
5940,5940,36,1,1
5941,5941,36,0,1
5942,5942,36,0,1
5943,5943,36,0,1
5944,5944,36,0,1
5945,5945,36,0,1
5946,5946,36,0,1
5947,5947,36,0,1
5948,5948,36,0,1
5949,5949,36,0,1
5950,5947,36,0,1
5950,5948,36,0,1
5950,5950,36,0,1
5950,5950,36,0,8
5950,6380,18,0,9
5950,6399,12,0,7
5951,5951,36,0,1
5952,5952,36,0,1
5953,5953,36,0,1
5954,5954,36,0,1
5954,6491,24,0,6
5955,5955,36,0,1
5955,6491,24,0,6
5956,5956,36,0,1
5957,5957,36,0,1
5958,5958,36,0,1
5959,5959,36,0,1
5960,5960,36,0,1
5961,5961,36,0,1
5962,5962,24,1,1
5962,5964,24,1,1
5963,5963,24,0,1
5964,5964,24,0,1
5965,5965,24,1,1
5966,5966,24,1,1
5967,5967,24,0,1
5968,5968,24,1,1
5969,5969,24,1,1
5970,5970,36,0,1
5971,5971,36,0,1
5972,5972,36,1,1
5973,5973,36,0,1
5974,5974,36,0,1
5975,5975,36,0,1
5976,5976,36,0,1
5977,5977,36,0,1
5978,5978,36,0,1
5979,5979,36,0,1
5980,5980,36,0,1
5981,5981,48,0,1
5982,5982,36,1,1
5983,5983,36,0,1
5984,5984,36,1,1
5984,6399,12,1,7
5985,5985,36,1,1
5986,5986,42,0,1
5987,5987,42,0,1
5988,5988,36,0,1
5989,5989,36,0,1
5990,5990,36,0,1
5991,5991,36,0,1
5992,5992,36,0,1
5993,5993,36,0,1
5994,5994,36,0,1
5995,5995,48,1,1
5996,5996,60,0,1
5997,5997,42,1,1
5998,5998,42,0,1
5999,5999,42,1,1
6000,6000,6,0,6
6001,6001,12,0,1
6002,6002,12,0,1
6003,6003,12,0,0
6004,6004,12,0,0
6005,6005,12,0,1
6006,6006,12,0,1
6007,6007,12,0,1
6008,6008,12,0,1
6009,6012,24,0,1
6009,6013,24,0,1
6009,6014,24,0,1
6009,6015,24,0,1
6009,6016,24,1,1
6009,6709,6,1,1
6010,6029,24,0,1
6011,6011,60,0,1
6011,6184,24,0,1
6011,6381,18,0,9
6011,6398,12,0,7
6011,6493,24,0,6
6011,7065,60,0,1
6011,7101,60,0,1
6011,7105,42,0,1
6011,7106,48,0,1
6011,7113,60,0,1
6011,7118,60,0,1
6011,7119,60,0,1
6017,6017,36,1,1
6018,6018,36,0,1
6018,6045,36,0,1
6018,6045,36,0,8
6018,6046,36,0,1
6018,6046,36,0,8
6018,6048,36,0,1
6018,6048,36,0,8
6019,6019,15,1,1
6020,6020,24,1,1
6021,6021,12,1,2
6022,6022,12,0,1
6023,6023,12,1,1
6024,6024,12,1,1
6025,6025,12,1,1
6026,6026,12,1,1
6027,6027,24,1,1
6028,6028,15,1,1
6029,6029,24,1,1
6029,6031,24,0,1
6030,6030,36,1,1
6031,6031,24,0,1
6032,6032,24,1,1
6032,6712,24,1,1
6033,6033,24,1,1
6034,6034,24,1,1
6035,6035,24,1,1
6036,6036,24,1,1
6037,6037,24,1,1
6038,6038,24,1,1
6038,6143,24,1,1
6039,6039,24,1,1
6039,6790,24,1,1
6040,6040,36,1,1
6041,6041,24,1,1
6041,6146,24,1,1
6042,6042,24,1,1
6042,6734,24,1,1
6043,6043,24,1,1
6043,6147,24,1,1
6044,6044,12,1,1
6045,6045,36,1,1
6046,6046,36,0,1
6047,6047,36,1,1
6048,6048,36,0,1
6049,6049,24,1,1
6049,6140,24,1,1
6050,6050,36,1,1
6051,6051,36,1,1
6052,6052,24,1,1
6052,6061,24,1,1
6053,6053,12,1,1
6054,6054,24,1,1
6055,6055,24,0,1
6061,5371,60,0,1
6061,5372,60,0,1
6061,5373,60,0,1
6061,5374,60,0,1
6061,5378,60,0,1
6061,5379,60,0,1
6061,5380,60,0,1
6061,5381,60,0,1
6061,5382,60,0,1
6061,5383,60,0,1
6061,5384,60,0,1
6061,5386,60,0,1
6061,5387,60,0,1
6061,5388,60,0,1
6061,5389,60,0,1
6061,5391,60,0,1
6061,5396,60,0,1
6061,5398,60,0,1
6061,6395,12,0,7
6062,6062,60,0,1
6063,5361,60,0,1
6064,6064,60,0,1
6065,6065,60,0,1
6070,6071,42,0,1
6070,6182,24,0,1
6070,6380,18,0,9
6070,6399,12,0,7
6070,6491,24,0,6
6070,6760,60,0,1
6071,6050,36,0,1
6072,6072,24,1,1
6075,6076,6,0,1
6075,6077,24,0,1
6075,6381,18,0,9
6075,6398,12,0,7
6075,6991,24,0,1
6080,6081,42,0,1
6080,6082,60,0,1
6083,6083,36,1,1
6084,6084,36,1,1
6085,6086,42,0,1
6085,6087,60,0,1
6100,6100,24,0,1
6101,6101,24,0,1
6101,8101,36,0,1
6101,8102,36,0,1
6101,8103,36,0,1
6101,8104,36,0,1
6101,8106,36,0,1
6101,8107,36,0,1
6101,8108,36,0,1
6101,8109,36,0,1
6101,8110,36,0,1
6101,8111,36,0,1
6101,8112,36,0,1
6101,8113,36,0,1
6101,8119,36,0,1
6101,8120,36,0,1
6101,8121,36,0,1
6101,8122,36,0,1
6101,8123,36,0,1
6101,8124,36,0,1
6101,8125,36,0,1
6101,8126,36,0,1
6101,8132,36,0,1
6101,8158,36,0,1
6101,8159,36,0,1
6101,8161,36,0,1
6101,8162,36,0,1
6101,8176,36,0,1
6101,8177,36,0,1
6101,8178,36,0,1
6101,8179,36,0,1
6101,8190,36,0,1
6101,8191,36,0,1
6101,8192,36,0,1
6101,8193,36,0,1
6101,8194,36,0,1
6101,8195,36,0,1
6101,8196,36,0,1
6101,8197,36,0,1
6102,6102,24,0,1
6102,6107,36,0,1
6102,6108,36,0,1
6102,6109,36,0,1
6102,6110,36,0,1
6102,6115,36,0,1
6102,6116,36,0,1
6102,6117,36,0,1
6102,6118,36,0,1
6102,6154,36,0,1
6102,6155,36,0,1
6102,6156,36,0,1
6102,6157,36,0,1
6102,6163,36,0,1
6102,6164,36,0,1
6102,6165,36,0,1
6102,6166,36,0,1
6102,6403,36,0,1
6102,6404,36,0,1
6102,6405,36,0,1
6102,6406,36,0,1
6102,6570,36,0,1
6102,6673,36,0,1
6102,6674,36,0,1
6102,6675,36,0,1
6102,6676,36,0,1
6102,6682,36,0,1
6102,6683,36,0,1
6102,6684,36,0,1
6102,6685,36,0,1
6102,6686,36,0,1
6102,6687,36,0,1
6102,6688,36,0,1
6102,6689,36,0,1
6102,6691,36,0,1
6102,6692,36,0,1
6102,6693,36,0,1
6102,6694,36,0,1
6102,6695,36,0,1
6102,6696,36,0,1
6102,6697,36,0,1
6102,6698,36,0,1
6102,7006,36,0,1
6102,7007,36,0,1
6102,7008,36,0,1
6102,7009,36,0,1
6102,7013,36,0,1
6102,7014,36,0,1
6102,7015,36,0,1
6102,7016,36,0,1
6102,7017,36,0,1
6102,7018,36,0,1
6102,7019,36,0,1
6102,7020,36,0,1
6103,5700,36,0,1
6103,6103,24,0,1
6103,7006,36,0,1
6103,7104,36,0,1
6103,7109,36,1,1
6103,7121,36,0,1
6103,7122,36,0,1
6103,7123,36,0,1
6103,7124,36,0,1
6103,7125,36,0,1
6103,7126,36,0,1
6103,7127,36,0,1
6103,7128,36,0,1
6103,7129,36,0,1
6103,7134,36,1,1
6103,7156,36,0,1
6103,7157,36,0,1
6103,7158,36,0,1
6103,7159,36,0,1
6103,7161,36,0,1
6103,7162,36,0,1
6103,7163,36,0,1
6103,7164,36,0,1
6103,7165,36,0,1
6103,7166,36,0,1
6103,7167,36,0,1
6103,7168,36,0,1
6103,7176,36,0,1
6103,7177,36,0,1
6103,7178,36,0,1
6103,7179,36,0,1
6103,7182,36,0,1
6103,7191,36,0,1
6103,7192,36,0,1
6103,7193,36,0,1
6103,7194,36,0,1
6103,7196,36,0,1
6103,7197,36,0,1
6103,7198,36,0,1
6103,7199,36,0,1
6103,7208,36,0,1
6103,7209,36,0,1
6103,7210,36,0,1
6103,7211,36,0,1
6104,6104,24,0,1
6105,6105,24,0,1
6106,6106,24,0,1
6107,6509,36,1,1
6107,6634,36,0,1
6107,6635,36,0,1
6107,6636,36,0,1
6107,6638,36,0,1
6110,3348,24,1,1
6110,6111,6,0,1
6110,7105,6,0,1
6110,7113,24,0,1
6112,6112,24,1,1
6113,6077,24,0,1
6113,6113,6,0,1
6113,7113,24,0,1
6115,6114,24,1,1
6115,6149,6,0,1
6115,6186,24,0,1
6115,6187,24,0,1
6115,6188,24,0,1
6115,6189,24,0,1
6116,6114,24,0,1
6116,6149,6,0,1
6118,6126,6,0,1
6118,6456,24,0,1
6118,7224,24,0,1
6118,7225,24,0,1
6118,7226,24,0,1
6118,7227,24,0,1
6119,6126,6,0,1
6119,6456,24,0,1
6120,6087,24,0,1
6120,6121,6,0,1
6122,6122,24,1,1
6125,6120,24,1,1
6125,6125,6,1,1
6125,6167,24,0,1
6125,6168,24,0,1
6125,6169,24,0,1
6125,6170,24,0,1
6125,6739,24,0,1
6127,6119,24,1,1
6127,6127,6,1,1
6127,8236,24,0,1
6127,8237,24,0,1
6127,8238,24,0,1
6127,8239,24,0,1
6128,6128,6,0,1
6128,8204,24,0,1
6128,8212,24,0,1
6128,8213,24,0,1
6128,8214,24,0,1
6128,8215,24,0,1
6128,8225,24,0,1
6129,6129,6,0,1
6129,8202,24,0,1
6130,6130,6,0,1
6130,6131,24,0,1
6130,8206,24,0,1
6130,8207,24,0,1
6130,8208,24,0,1
6130,8209,24,0,1
6137,6137,6,0,1
6137,6925,24,0,1
6140,6077,24,0,1
6140,6140,6,0,1
6140,6493,24,0,6
6140,6920,24,0,1
6141,6141,6,1,1
6141,6915,24,1,1
6142,6142,6,1,1
6142,6910,24,0,1
6142,6912,24,0,1
6142,6913,24,0,1
6142,6914,24,0,1
6142,7011,24,1,1
6143,6143,6,0,1
6143,6175,24,0,1
6143,6176,24,0,1
6143,6177,24,0,1
6143,6178,24,0,1
6143,6179,24,1,1
6143,6739,24,0,1
6143,6760,24,0,1
6143,8250,24,1,1
6144,6077,24,0,1
6144,6144,6,1,1
6144,6940,24,0,1
6144,7236,24,0,1
6144,7237,24,0,1
6144,7238,24,0,1
6144,7239,24,0,1
6145,6143,6,0,1
6145,6179,24,0,1
6147,6147,6,0,1
6147,6739,24,0,1
6148,6148,6,1,1
6148,6159,24,0,1
6148,6885,24,0,1
6148,6886,24,0,1
6148,6887,24,0,1
6148,6888,24,0,1
6150,6150,6,1,1
6150,6171,24,0,1
6150,6172,24,0,1
6150,6173,24,0,1
6150,6174,24,0,1
6150,7005,24,0,1
6158,6158,24,1,1
6160,6160,24,1,1
6160,6179,24,1,1
6181,6181,24,0,1
6182,6182,24,0,1
6183,6183,24,0,1
6184,6184,24,0,1
6185,6185,24,0,1
6200,6200,24,1,1
6201,6201,36,1,1
6202,6202,24,1,1
6203,6203,36,1,1
6204,6204,24,1,1
6205,6205,36,1,1
6205,6205,36,1,2
6206,5056,24,1,1
6206,5057,24,1,1
6206,5059,24,1,1
6206,5101,24,1,1
6206,5102,24,1,1
6206,5106,24,1,1
6206,5107,24,1,1
6206,5108,24,1,1
6206,6206,24,1,1
6230,5402,24,0,1
6231,5400,24,0,1
6231,5404,24,1,1
6231,5408,24,0,1
6233,5403,24,1,1
6235,5406,24,0,1
6235,6235,24,0,1
6237,5408,24,0,1
6239,5409,24,1,1
6241,5412,24,1,1
6242,6242,36,0,1
6243,6243,24,1,1
6244,6244,24,1,1
6245,6245,24,1,1
6246,6246,24,1,1
6247,6247,24,1,1
6248,6248,24,0,1
6260,6260,24,0,1
6260,6261,24,1,1
6260,6262,24,1,1
6260,6263,24,1,1
6260,6264,24,1,1
6260,6265,24,1,1
6260,6266,24,1,1
6261,6261,24,0,1
6262,6262,24,0,1
6263,6263,24,1,1
6264,6264,24,0,1
6265,6265,24,1,1
6266,6266,24,1,1
6267,6267,24,1,1
6268,3349,24,0,1
6268,6268,24,1,1
6268,6738,6,1,1
6269,6269,24,0,1
6269,6270,24,0,1
6270,6270,24,0,1
6285,6285,24,0,1
6296,6296,6,0,1
6297,6297,6,0,1
6298,6298,6,0,0
6299,6299,6,0,1
6300,6182,24,0,1
6300,6380,18,0,9
6300,6399,12,0,7
6300,6491,24,0,6
6300,6529,48,0,1
6300,6729,60,0,1
6300,7298,72,0,1
6301,6301,24,1,1
6302,6182,24,0,1
6302,6380,18,0,9
6302,6399,12,0,7
6302,6491,24,0,6
6302,6591,48,0,1
6302,6593,48,0,1
6302,6595,48,0,1
6302,6790,42,0,1
6302,6791,60,0,1
6302,6793,60,0,1
6302,6795,60,0,1
6302,7395,72,0,1
6302,7396,72,0,1
6302,7397,72,0,1
6302,7398,72,0,1
6302,7399,72,0,1
6302,7802,48,0,1
6302,7804,72,0,1
6303,6182,24,0,1
6303,6380,18,0,9
6303,6399,12,0,7
6303,6491,24,0,6
6303,6511,48,0,1
6303,6710,42,0,1
6303,6711,60,0,1
6303,7893,72,0,1
6304,6182,24,0,1
6304,6380,18,0,9
6304,6399,12,0,7
6304,6491,24,0,6
6304,6513,48,0,1
6304,6514,48,0,1
6304,6712,42,0,1
6304,6713,60,0,1
6304,6714,60,0,1
6304,7423,72,0,1
6305,6184,30,0,1
6305,6381,18,0,9
6305,6398,12,0,7
6305,6493,24,0,6
6305,6515,54,0,1
6305,6715,66,0,1
6305,7343,78,0,1
6305,7344,48,0,1
6305,7345,48,0,1
6305,7348,78,0,1
6306,6184,24,0,1
6306,6381,18,0,9
6306,6398,12,0,7
6306,6493,24,0,6
6306,6517,48,0,1
6306,6717,60,0,1
6306,7135,60,0,1
6306,7323,72,0,1
6307,6184,24,0,1
6307,6381,18,0,9
6307,6398,12,0,7
6307,6493,24,0,6
6307,6519,48,0,1
6307,6719,60,0,1
6307,7333,72,0,1
6308,6182,24,0,1
6308,6380,18,0,9
6308,6399,12,0,7
6308,6491,24,0,6
6308,6523,48,0,1
6308,6722,42,0,1
6308,6723,60,0,1
6308,7243,72,0,1
6309,6182,24,0,1
6309,6380,18,0,9
6309,6399,12,0,7
6309,6491,24,0,6
6309,6521,48,0,1
6309,6720,42,0,1
6309,6721,60,0,1
6309,6724,42,0,1
6309,6726,60,0,1
6309,7913,72,0,1
6310,6182,30,0,1
6310,6380,18,0,9
6310,6399,18,0,7
6310,6491,24,0,6
6310,6525,54,0,1
6310,6725,66,0,1
6311,6184,24,0,1
6311,6381,18,0,9
6311,6398,12,0,7
6311,6493,24,0,6
6311,6527,48,0,1
6311,6727,60,0,1
6311,7353,72,0,1
6312,6182,24,0,1
6312,6380,18,0,9
6312,6399,12,0,7
6312,6491,24,0,6
6312,6531,48,0,1
6312,6533,48,0,1
6312,6730,42,0,1
6312,6731,60,0,1
6312,6733,60,0,1
6312,7458,72,0,1
6313,6313,24,1,1
6314,6182,24,0,1
6314,6380,18,0,9
6314,6399,12,0,7
6314,6491,24,0,6
6314,6535,48,0,1
6314,6734,42,0,1
6314,6735,60,0,1
6314,7263,72,0,1
6315,6182,24,0,1
6315,6380,18,0,9
6315,6399,12,0,7
6315,6537,48,0,1
6315,6539,48,0,1
6315,6737,60,0,1
6315,6739,60,0,1
6316,6182,24,0,1
6316,6380,18,0,9
6316,6399,12,0,7
6316,6491,24,0,6
6316,6541,48,0,1
6316,6741,60,0,1
6316,7253,72,0,1
6317,6182,30,0,1
6317,6380,18,0,9
6317,6399,12,0,7
6317,6491,24,0,6
6317,6543,54,0,1
6317,6743,66,0,1
6317,7653,78,0,1
6318,6182,30,0,1
6318,6380,18,0,9
6318,6399,12,0,7
6318,6491,24,0,6
6318,6545,54,0,1
6318,6547,54,0,1
6318,6549,54,0,1
6318,6745,72,0,1
6318,6747,72,0,1
6318,6749,72,0,1
6318,7832,54,0,1
6318,7833,72,0,1
6319,6182,30,0,1
6319,6380,18,0,9
6319,6399,12,0,7
6319,6491,24,0,6
6319,6553,48,0,1
6319,6753,66,0,1
6319,7813,78,0,1
6320,6182,30,0,1
6320,6380,18,0,9
6320,6399,12,0,7
6320,6491,24,0,6
6320,6551,54,0,1
6320,6706,66,0,1
6320,6750,48,0,1
6320,6751,66,0,1
6320,7468,72,0,1
6321,6321,24,1,1
6322,6182,24,0,1
6322,6380,18,0,9
6322,6399,12,0,7
6322,6491,24,0,6
6322,6557,48,0,1
6322,6757,60,0,1
6322,7279,72,0,1
6323,6182,24,0,1
6323,6380,18,0,9
6323,6399,12,0,7
6323,6491,24,0,6
6323,6563,60,0,1
6323,6565,60,0,1
6323,6567,60,0,1
6323,6569,60,0,1
6323,6571,60,0,1
6323,6573,60,0,1
6323,6575,60,0,1
6323,6677,60,0,1
6323,6762,42,0,1
6323,6763,72,0,1
6323,6765,72,0,1
6323,6766,72,0,1
6323,6767,72,0,1
6323,6768,42,0,1
6323,6769,72,0,1
6323,6771,72,0,1
6323,6773,72,0,1
6323,6774,42,0,1
6323,6775,72,0,1
6323,6877,72,0,1
6323,7776,72,0,1
6323,7779,72,0,1
6324,6182,24,0,1
6324,6380,18,0,9
6324,6399,12,0,7
6324,6491,24,0,6
6324,6579,48,0,1
6324,6778,42,0,1
6324,6779,60,0,1
6324,7903,72,0,1
6325,6182,24,0,1
6325,6380,18,0,9
6325,6399,12,0,7
6325,6491,24,0,6
6325,6637,48,0,1
6325,6639,48,0,1
6325,6837,60,0,1
6325,6839,60,0,1
6325,6840,60,0,1
6325,7733,72,0,1
6325,7743,72,0,1
6326,6182,24,0,1
6326,6380,18,0,9
6326,6399,12,0,7
6326,6491,24,0,6
6326,6581,48,0,1
6326,6781,60,0,1
6326,7383,72,0,1
6327,6182,24,0,1
6327,6380,18,0,9
6327,6399,12,0,7
6327,6491,24,0,6
6327,6583,48,0,1
6327,6661,48,0,1
6327,6782,42,0,1
6327,6783,60,0,1
6327,6863,60,0,1
6327,7373,72,0,1
6328,6182,24,0,1
6328,6380,18,0,9
6328,6399,12,0,7
6328,6491,24,0,6
6328,6585,48,0,1
6328,6785,60,0,1
6328,7303,72,0,1
6329,6182,24,0,1
6329,6380,18,0,9
6329,6399,12,0,7
6329,6491,24,0,6
6329,6587,48,0,1
6329,6786,42,0,1
6329,6787,60,0,1
6329,7873,72,0,1
6330,6182,24,0,1
6330,6380,18,0,9
6330,6399,12,0,7
6330,6491,24,0,6
6330,6589,54,0,1
6330,6789,66,0,1
6331,6182,30,0,1
6331,6380,18,0,9
6331,6399,12,0,7
6331,6491,24,0,6
6331,6503,54,0,1
6331,6597,54,0,1
6331,6703,66,0,1
6331,6797,66,0,1
6332,6182,24,0,1
6332,6380,18,0,9
6332,6399,12,0,7
6332,6491,24,0,6
6332,6601,48,0,1
6332,6603,48,0,1
6332,6801,60,0,1
6332,6803,60,0,1
6332,7313,72,0,1
6332,7628,72,0,1
6334,6182,30,0,1
6334,6380,18,0,9
6334,6399,12,0,7
6334,6491,24,0,6
6334,6605,54,0,1
6334,6805,66,0,1
6334,7518,72,0,1
6335,6182,24,0,1
6335,6380,18,0,9
6335,6399,12,0,7
6335,6491,24,0,6
6335,6607,48,0,1
6335,6609,48,0,1
6335,6611,48,0,1
6335,6807,60,0,1
6335,6809,60,0,1
6335,6811,60,0,1
6335,7003,72,0,1
6336,6182,30,0,1
6336,6380,18,0,9
6336,6399,12,0,7
6336,6491,24,0,6
6336,6577,48,0,1
6336,6613,54,0,1
6336,6615,48,0,1
6336,6671,54,0,1
6336,6777,60,0,1
6336,6813,60,0,1
6336,6815,60,0,1
6336,6871,60,0,1
6336,6872,48,0,1
6336,7203,72,0,1
6336,7213,72,0,1
6337,6182,24,0,1
6337,6380,18,0,9
6337,6399,12,0,7
6337,6491,24,0,6
6337,6577,48,0,1
6337,6613,48,0,1
6337,6615,48,0,1
6337,6671,48,0,1
6337,6777,60,0,1
6337,6813,60,0,1
6337,6815,60,0,1
6337,6871,60,0,1
6337,6872,42,0,1
6337,6874,42,0,1
6337,7203,72,0,1
6337,7213,72,0,1
6337,7223,72,0,1
6338,6182,30,0,1
6338,6380,18,0,9
6338,6399,12,0,7
6338,6491,24,0,6
6338,7484,48,0,1
6338,7488,72,0,1
6338,7489,72,0,1
6340,6182,30,0,1
6340,6380,18,0,9
6340,6399,12,0,7
6340,6491,24,0,6
6340,6617,54,0,1
6340,6619,54,0,1
6340,6817,66,0,1
6340,6819,66,0,1
6340,7588,72,0,1
6340,7598,78,0,1
6342,6182,30,0,0
6342,6380,18,0,9
6342,6399,12,0,7
6342,6491,30,0,6
6342,6621,54,0,1
6342,6623,54,0,1
6342,6625,54,0,1
6342,6627,54,0,1
6342,6629,54,0,1
6342,6631,54,0,1
6342,6669,54,0,1
6342,6821,66,0,1
6342,6823,66,0,1
6342,6824,48,0,1
6342,6825,66,0,1
6342,6827,66,0,1
6342,6829,66,0,1
6342,6831,66,0,1
6342,6869,66,0,1
6342,7527,78,0,1
6342,7537,78,0,1
6342,7547,72,0,1
6342,7557,72,0,1
6342,7567,72,0,1
6342,7578,78,0,1
6343,6182,30,0,1
6343,6380,18,0,9
6343,6399,12,0,7
6343,6491,24,0,6
6343,6633,54,0,1
6343,6708,66,0,1
6343,6832,42,0,1
6343,6833,66,0,1
6343,7478,72,0,1
6344,6182,24,0,1
6344,6380,18,0,9
6344,6399,12,0,7
6344,6491,24,0,6
6344,6641,48,0,1
6344,6841,60,0,1
6344,7883,72,0,1
6346,6182,24,0,1
6346,6380,18,0,9
6346,6399,12,0,7
6346,6491,24,0,6
6346,6643,48,0,1
6346,6842,42,0,1
6346,6843,60,0,1
6346,7438,72,0,1
6347,6182,30,0,1
6347,6380,18,0,9
6347,6399,12,0,7
6347,6491,24,0,6
6347,6645,54,0,1
6347,6845,66,0,1
6348,6182,36,0,1
6348,6380,18,0,9
6348,6399,12,0,7
6348,6491,24,0,6
6348,6647,54,0,1
6348,6649,54,0,1
6348,6651,54,0,1
6348,6653,54,0,1
6348,6655,54,0,1
6348,6657,54,0,1
6348,6659,54,0,1
6348,6754,72,0,1
6348,6847,72,0,1
6348,6849,72,0,1
6348,6851,72,0,1
6348,6853,72,0,1
6348,6855,72,0,1
6348,6857,72,0,1
6348,6859,72,0,1
6348,7668,72,0,1
6348,7673,72,0,1
6348,7683,72,0,1
6348,7693,72,0,1
6348,7723,72,0,1
6349,6182,24,0,1
6349,6380,18,0,9
6349,6399,12,0,7
6349,6491,24,0,6
6349,6501,48,0,1
6349,6701,60,0,1
6350,6182,24,0,8
6351,6182,24,0,1
6352,6182,24,0,8
6352,6380,18,0,9
6352,6399,12,0,7
6353,6182,24,0,1
6353,6380,18,0,9
6353,6399,12,0,7
6353,6491,24,0,6
6353,6667,48,0,1
6353,6867,60,0,1
6354,4033,36,1,1
6354,4035,36,1,1
6354,4070,36,1,1
6354,4071,36,1,1
6354,4074,36,1,1
6354,4076,36,1,1
6354,4077,36,1,1
6354,4078,36,1,1
6354,4086,36,1,1
6354,6354,36,1,1
6354,6355,36,1,1
6354,6356,36,1,1
6354,6357,36,1,1
6354,6358,36,1,1
6359,5056,24,1,1
6359,5057,24,1,1
6359,5058,24,1,1
6359,5059,24,1,1
6359,5064,24,1,1
6359,5102,24,1,1
6359,5103,24,1,1
6359,5104,24,1,1
6359,5105,24,1,1
6359,5106,24,1,1
6359,5107,24,1,1
6359,5108,24,1,1
6359,5109,24,1,1
6359,6359,24,1,1
6359,6360,24,1,1
6359,6361,24,1,1
6375,6399,12,0,7
6380,6380,18,1,8
6380,6380,18,1,9
6380,6699,18,1,9
6381,6381,18,0,8
6381,6381,18,0,9
6382,6382,18,0,8
6382,6382,18,0,9
6383,6383,18,0,9
6384,6384,18,0,9
6393,6393,12,0,7
6394,6394,12,0,7
6395,6395,12,0,7
6396,6396,12,0,7
6398,6398,12,0,7
6399,6399,12,0,7
6399,6399,12,0,8
6400,6501,12,0,1
6400,6701,24,0,1
6401,6401,24,1,1
6402,6402,24,1,1
6405,6511,12,1,1
6405,6710,6,1,1
6405,6711,24,1,1
6405,7893,36,0,1
6406,6380,18,0,9
6406,6491,24,0,6
6406,6513,12,0,1
6406,6514,12,0,1
6406,6712,6,0,1
6406,6713,24,0,1
6406,6714,24,0,1
6406,7400,24,0,1
6406,7401,24,0,1
6406,7402,24,0,1
6406,7403,24,0,1
6406,7423,36,0,1
6407,6515,12,1,1
6407,6715,24,1,1
6407,7343,36,0,1
6408,6517,12,1,1
6408,6717,24,0,1
6408,7323,36,0,1
6409,6519,12,1,1
6409,6719,24,1,1
6409,7333,36,0,1
6410,6380,18,0,9
6410,6521,12,0,1
6410,6720,6,0,1
6410,6721,24,0,1
6410,6724,6,0,1
6410,6726,24,0,1
6410,7913,36,0,1
6411,6146,6,0,1
6411,6380,18,0,9
6411,6491,24,0,6
6411,6523,12,0,1
6411,6722,6,0,1
6411,6723,24,0,1
6411,6895,24,0,1
6411,6896,24,0,1
6411,6897,24,0,1
6411,6898,24,0,1
6411,7243,36,0,1
6412,6525,12,0,1
6412,6725,24,0,1
6413,6413,24,0,1
6414,6527,12,0,1
6414,6727,24,0,1
6414,7353,36,0,1
6415,6529,12,1,1
6415,6729,24,1,1
6415,7298,36,1,1
6416,6380,18,0,9
6416,6414,24,0,1
6416,6415,24,0,1
6416,6416,24,0,1
6416,6417,24,0,1
6416,6491,24,0,6
6416,6531,12,0,1
6416,6533,12,0,1
6416,6730,6,0,1
6416,6731,24,0,1
6416,6733,24,0,1
6416,7458,36,0,1
6417,6380,18,0,9
6417,6491,24,0,6
6417,6535,12,0,1
6417,6734,6,0,1
6417,6735,24,0,1
6417,6902,24,0,1
6417,6903,24,0,1
6417,6904,24,0,1
6417,6905,24,0,1
6417,7263,36,0,1
6418,6143,6,0,1
6418,6425,24,0,1
6418,6426,24,0,1
6418,6427,24,0,1
6418,6428,24,0,1
6418,6537,12,0,1
6418,6539,12,0,1
6418,6737,24,0,1
6418,6738,6,0,1
6418,6739,24,0,1
6419,6541,12,1,1
6419,6741,24,1,1
6419,7253,36,0,1
6420,6543,12,1,1
6420,6743,24,1,1
6420,7653,36,0,1
6421,6545,12,0,1
6421,6547,12,0,1
6421,6549,12,0,1
6421,6745,24,0,1
6421,6747,24,0,1
6421,6749,24,0,1
6422,6380,18,1,9
6422,6551,12,1,1
6422,6706,24,1,1
6422,6750,6,0,1
6422,6751,24,1,1
6423,6553,12,0,1
6423,6753,24,0,1
6423,7813,36,0,1
6424,6153,6,1,1
6424,6407,24,0,1
6424,6408,24,0,1
6424,6409,24,0,1
6424,6410,24,0,1
6424,6424,24,1,1
6425,6557,12,1,1
6425,6757,24,1,1
6425,7279,36,1,1
6426,6380,18,0,9
6426,6563,12,0,1
6426,6565,12,0,1
6426,6567,12,0,1
6426,6569,12,0,1
6426,6571,12,0,1
6426,6573,12,0,1
6426,6575,12,0,1
6426,6677,12,0,1
6426,6762,6,0,1
6426,6763,24,0,1
6426,6765,24,0,1
6426,6766,24,0,1
6426,6767,24,0,1
6426,6768,6,0,1
6426,6769,24,0,1
6426,6771,24,0,1
6426,6773,24,0,1
6426,6774,6,0,1
6426,6775,24,0,1
6426,6877,24,0,1
6426,7779,36,0,1
6428,6380,18,0,9
6428,6491,24,0,6
6428,6579,12,0,1
6428,6762,6,0,1
6428,6778,6,0,1
6428,6779,24,0,1
6428,7903,36,0,1
6429,6581,12,1,1
6429,6781,24,1,1
6429,7383,36,0,1
6430,6583,12,0,1
6430,6661,12,0,1
6430,6782,6,0,1
6430,6783,24,0,1
6430,6863,24,0,1
6430,7373,36,0,1
6431,6585,12,1,1
6431,6785,24,1,1
6431,7303,36,0,1
6432,6380,18,0,9
6432,6587,12,0,1
6432,6786,6,0,1
6432,6787,24,0,1
6432,7873,36,0,1
6433,6589,12,0,1
6433,6789,24,0,1
6434,6380,18,0,9
6434,6399,12,0,7
6434,6491,24,0,6
6434,6591,12,0,1
6434,6593,12,0,1
6434,6595,12,0,1
6434,6790,6,0,1
6434,6791,24,0,1
6434,6793,24,0,1
6434,6795,24,0,1
6434,6891,24,0,1
6434,6892,24,0,1
6434,6893,24,0,1
6434,6894,24,0,1
6434,7395,36,0,1
6434,7396,36,0,1
6435,6380,18,1,9
6435,6399,12,1,7
6435,6491,24,1,6
6435,6793,24,1,1
6435,6795,24,1,1
6435,7395,36,1,1
6435,7396,36,1,1
6436,6601,12,0,1
6436,6603,12,0,1
6436,6801,24,0,1
6436,6803,24,0,1
6436,7628,36,0,1
6437,6605,12,0,1
6437,6805,24,0,1
6438,6145,6,0,1
6438,6607,12,1,1
6438,6609,12,1,1
6438,6611,12,1,1
6438,6807,24,0,1
6438,6809,24,1,1
6438,6811,24,1,1
6438,7003,36,1,1
6439,6380,18,0,9
6439,6577,12,0,1
6439,6613,12,0,1
6439,6671,12,0,1
6439,6813,24,0,1
6439,6815,24,0,1
6439,6871,24,0,1
6439,6872,6,0,1
6439,7203,36,0,1
6440,6577,12,0,1
6440,6615,12,0,1
6440,6777,24,0,1
6440,6815,24,0,1
6440,6872,6,0,1
6440,7213,36,0,1
6441,6617,12,0,1
6441,6619,12,0,1
6441,6817,24,0,1
6441,6819,24,0,1
6441,7588,36,0,1
6441,7598,36,0,1
6442,6182,24,0,1
6442,6380,18,0,9
6442,6491,24,0,6
6442,6503,12,0,1
6442,6597,12,0,1
6442,6621,12,0,1
6442,6623,12,0,1
6442,6625,12,0,1
6442,6627,12,0,1
6442,6629,12,0,1
6442,6631,12,0,1
6442,6669,12,0,1
6442,6703,24,0,1
6442,6797,24,0,1
6442,6821,24,0,1
6442,6823,24,0,1
6442,6824,6,0,1
6442,6825,24,0,1
6442,6827,24,0,1
6442,6829,24,0,1
6442,6831,24,0,1
6442,6869,24,0,1
6442,7527,36,0,1
6442,7537,36,0,1
6442,7578,36,0,1
6443,6380,18,1,9
6443,6633,12,1,1
6443,6708,24,1,1
6443,6832,6,1,1
6443,6833,24,1,1
6444,6637,12,0,1
6444,6639,12,0,1
6444,6836,6,0,1
6444,6837,24,0,1
6444,6839,24,0,1
6444,6840,24,0,1
6444,7733,36,0,1
6444,7743,36,0,1
6445,6380,18,1,9
6445,6491,24,1,6
6445,6641,12,1,1
6445,6838,6,0,1
6445,6841,24,1,1
6445,7883,36,1,1
6446,6380,18,0,9
6446,6418,24,0,1
6446,6419,24,0,1
6446,6420,24,0,1
6446,6421,24,0,1
6446,6643,12,0,1
6446,6842,6,0,1
6446,6843,24,0,1
6446,7438,36,0,1
6447,6645,12,0,1
6447,6845,24,0,1
6448,6647,12,0,1
6448,6649,12,0,1
6448,6651,12,0,1
6448,6653,12,0,1
6448,6655,12,0,1
6448,6657,12,0,1
6448,6659,12,0,1
6448,6754,24,0,1
6448,6846,6,0,1
6448,6847,24,0,1
6448,6849,24,0,1
6448,6851,24,0,1
6448,6853,24,0,1
6448,6855,24,0,1
6448,6857,24,0,1
6448,6859,24,0,1
6449,6380,18,1,9
6449,6399,12,1,7
6449,6491,24,1,6
6449,6860,24,1,1
6449,7887,12,0,1
6450,6380,18,0,9
6450,6384,18,0,9
6450,6399,12,0,7
6450,6661,12,0,1
6450,6863,24,0,1
6451,6380,18,0,9
6451,6399,12,0,7
6451,6454,6,0,1
6451,6864,24,0,1
6451,6864,24,0,8
6452,6452,24,0,1
6453,6380,18,0,9
6453,6667,12,0,1
6453,6867,24,0,1
6454,6864,60,0,1
6455,6455,24,0,1
6456,6863,60,0,1
6457,6457,24,1,1
6458,6458,24,1,1
6459,6459,24,1,1
6460,6380,18,0,9
6460,6399,12,0,7
6460,6462,6,0,1
6460,6760,24,0,1
6460,6990,24,0,1
6461,6461,24,1,1
6463,6463,36,1,1
6464,6464,12,1,1
6465,6465,24,1,1
6466,6466,24,1,1
6467,6467,24,0,1
6468,6457,24,1,1
6468,6468,24,1,1
6469,6469,24,1,1
6470,6470,24,1,1
6471,6471,24,1,1
6490,6490,24,0,6
6491,6182,24,0,1
6491,6491,24,0,6
6492,6492,24,0,6
6493,6493,24,0,6
6494,6494,24,0,6
6495,6495,36,1,1
6496,6496,36,1,1
6497,6497,36,1,1
6500,6152,24,0,1
6500,6500,36,0,1
6502,6502,36,1,1
6504,6152,24,0,1
6504,6504,36,0,1
6505,6505,36,1,1
6506,6506,36,0,1
6507,6507,36,1,1
6508,6508,42,0,1
6510,6152,24,0,1
6510,6510,36,1,1
6512,6152,24,0,1
6512,6512,36,0,1
6512,6512,36,0,8
6513,6146,6,1,1
6513,6723,24,0,1
6514,6723,24,1,1
6516,6151,24,0,1
6516,6516,36,0,1
6518,6151,24,0,1
6518,6518,36,1,1
6520,6152,24,0,1
6520,6520,36,1,1
6520,6520,36,1,8
6522,6152,24,0,1
6522,6522,36,0,1
6522,6522,36,0,8
6524,6152,24,0,1
6524,6524,42,0,1
6526,6151,24,0,1
6526,6526,36,0,1
6528,6152,24,0,1
6528,6528,36,1,1
6530,6152,24,0,1
6530,6530,36,0,1
6530,6530,36,0,8
6532,6532,36,1,1
6534,6152,24,0,1
6534,6534,36,0,1
6534,6534,36,0,8
6536,6152,24,0,1
6536,6536,36,0,1
6538,6538,36,1,1
6540,6152,24,0,1
6540,6540,36,1,1
6540,6540,36,1,8
6542,6152,30,0,1
6542,6542,42,1,1
6544,6152,30,0,1
6544,6544,48,0,1
6546,6546,36,1,1
6548,6548,48,0,1
6550,6152,30,0,1
6550,6550,42,1,1
6550,6550,42,1,8
6552,6152,30,0,1
6552,6552,42,0,1
6554,6151,30,0,1
6554,6554,42,1,1
6555,6555,48,0,1
6556,6152,24,0,1
6556,6556,48,0,1
6558,6152,30,0,1
6558,6558,42,0,1
6559,6559,48,0,1
6560,6152,24,0,1
6560,6560,48,0,1
6561,6561,48,0,1
6562,6152,24,0,1
6562,6562,36,0,1
6562,6562,36,0,8
6564,6564,48,1,1
6566,6566,48,0,1
6568,6568,36,1,1
6570,6161,12,0,7
6570,6162,12,0,7
6570,6570,36,0,1
6572,6572,24,0,1
6574,6574,45,0,1
6576,6576,36,1,1
6578,6152,24,0,1
6578,6578,36,0,1
6578,6578,36,0,8
6580,6152,24,0,1
6580,6580,36,1,1
6582,6152,24,0,1
6582,6582,36,0,1
6582,6582,36,0,8
6584,6152,24,0,1
6584,6584,36,1,1
6586,6152,24,0,1
6586,6586,36,0,1
6586,6586,36,0,8
6588,6152,24,0,1
6588,6588,42,0,1
6590,6152,24,0,1
6590,6590,36,0,1
6590,6590,36,0,8
6592,6592,36,1,1
6594,6594,36,1,1
6596,6152,24,0,1
6596,6596,42,0,1
6598,6152,24,0,1
6598,6598,36,0,1
6598,6598,36,0,8
6599,6599,24,1,1
6600,6600,42,0,1
6602,6602,42,0,1
6604,6152,30,0,1
6604,6604,42,0,1
6606,6152,24,0,1
6606,6606,36,1,1
6606,6606,36,1,8
6608,6608,36,0,1
6610,6610,42,0,1
6612,6152,24,0,1
6612,6612,42,0,1
6614,6614,42,0,1
6616,6152,30,0,1
6616,6616,42,0,1
6617,6618,36,1,1
6618,6618,36,1,1
6620,6152,30,0,1
6620,6620,42,0,1
6620,6620,42,0,8
6622,6622,42,1,1
6624,6624,42,1,1
6626,6626,42,1,1
6628,6628,42,1,1
6630,6630,42,1,1
6632,6152,30,0,1
6632,6632,42,0,1
6632,6632,42,0,8
6633,6734,6,1,1
6633,6735,24,1,1
6634,6735,24,1,1
6640,6152,24,0,1
6640,6640,36,1,1
6640,6640,36,1,8
6642,6152,24,0,1
6642,6642,36,0,1
6642,6642,36,0,8
6644,6152,30,0,1
6644,6644,42,0,1
6646,6152,36,0,1
6646,6646,48,0,1
6646,6646,48,0,8
6648,6648,42,1,1
6650,6650,36,0,1
6652,6652,36,1,1
6654,6654,42,1,1
6656,6656,54,1,1
6658,6658,42,1,1
6660,6660,36,1,1
6662,6662,36,1,1
6663,6663,36,1,1
6664,6664,24,1,1
6665,6665,42,1,1
6666,6152,24,0,1
6666,6666,36,1,1
6668,6668,36,1,1
6670,6152,24,0,1
6670,6670,42,0,1
6670,6670,42,0,8
6672,6672,36,0,1
6678,6678,36,1,1
6679,6679,36,1,1
6680,6680,36,1,1
6681,6681,36,1,1
6682,6681,36,1,1
6690,6690,36,0,1
6700,6700,24,1,1
6702,6145,6,1,1
6702,6702,24,0,1
6702,6704,24,0,1
6702,6705,24,0,1
6702,6707,24,0,1
6702,6908,24,1,1
6703,6703,24,0,1
6714,6714,24,0,1
6716,6716,24,0,1
6718,6718,24,1,1
6721,6721,24,0,1
6726,6726,24,0,1
6728,6728,24,1,1
6732,6732,24,1,1
6736,6736,24,1,1
6740,6740,24,1,1
6742,6742,24,1,1
6744,6744,24,1,1
6746,6746,24,0,1
6748,6748,24,1,1
6758,6758,24,1,1
6760,6760,24,0,1
6763,6763,24,1,1
6765,6765,24,0,1
6766,6766,24,1,1
6769,6769,24,1,1
6771,6771,24,0,1
6775,6775,24,1,1
6777,6777,24,0,1
6783,6783,24,0,1
6797,6797,24,0,1
6800,6800,24,0,1
6801,6322,24,1,1
6801,6801,24,1,1
6802,6802,24,1,1
6803,6803,24,1,1
6804,6804,24,1,1
6806,6806,24,1,1
6810,6810,42,1,1
6813,6813,24,0,1
6814,6814,24,0,1
6815,6815,24,0,1
6816,6816,24,1,1
6817,3810,24,0,1
6817,6817,24,0,1
6818,6818,24,0,1
6819,6819,24,0,1
6820,6820,24,0,1
6822,6822,24,1,1
6823,6823,24,0,1
6825,6825,24,0,1
6829,6829,24,0,1
6839,6839,24,0,1
6847,6847,24,1,1
6849,6849,24,1,1
6850,6850,24,1,1
6853,6853,24,0,1
6855,6855,24,0,1
6857,6857,24,0,1
6861,6861,24,1,1
6862,6862,24,1,1
6865,6147,6,1,1
6865,6808,24,1,1
6865,6865,24,0,1
6865,6868,24,0,1
6865,6875,24,0,1
6865,6876,24,0,1
6865,6878,24,0,1
6870,6870,24,0,1
6873,6873,24,1,1
6880,6880,24,0,1
6881,6881,24,1,1
6882,6881,24,1,1
6882,6882,24,1,1
6890,6890,24,0,1
6900,6900,24,0,1
6901,6901,24,0,1
6906,6906,24,1,1
6930,6930,24,0,1
6941,6941,24,1,1
6942,6942,24,1,1
6987,6987,24,1,1
6990,6380,18,1,9
6990,6990,24,1,1
6991,6381,18,1,9
6991,6991,24,1,1
6992,6385,18,1,9
6992,6992,24,1,1
6993,6993,24,1,1
7004,7004,24,0,1
7012,6184,24,0,1
7012,6381,18,0,9
7012,6398,12,0,7
7012,6493,24,0,6
7012,7012,60,0,1
7020,6494,24,0,6
7020,8099,60,0,1
7030,7030,36,0,1
7040,6381,18,0,9
7040,6398,12,0,7
7040,7045,60,0,1
7045,6398,12,0,7
7045,7045,24,0,1
7050,7050,36,0,1
7060,6184,24,0,1
7060,6381,18,0,9
7060,6398,12,0,7
7060,6493,24,0,6
7060,7065,60,0,1
7061,7061,36,1,1
7062,7062,36,0,1
7062,7062,36,0,8
7063,6134,6,1,1
7063,7021,24,0,1
7063,7022,24,0,1
7063,7023,24,0,1
7063,7024,24,0,1
7063,7063,24,1,1
7065,7065,24,0,1
7070,7070,36,0,1
7079,7079,24,0,1
7080,7085,60,0,1
7081,7081,36,0,1
7081,7081,36,0,8
7085,7085,24,0,1
7086,7086,24,1,1
7090,7090,36,0,1
7100,7100,36,1,1
7101,7101,24,0,1
7101,7102,24,0,1
7102,6184,24,0,1
7102,6381,18,0,9
7102,6398,12,0,7
7102,6493,24,0,6
7102,7101,60,0,1
7102,7102,60,0,1
7102,7105,42,0,1
7102,7106,48,0,1
7102,7113,60,0,1
7102,7114,72,0,1
7102,7118,60,0,1
7102,7119,60,0,1
7103,6151,24,0,1
7103,7103,36,0,1
7104,7104,36,0,1
7107,7107,24,1,1
7108,7108,36,0,1
7109,7109,36,0,1
7111,7111,24,1,1
7112,6133,6,0,1
7112,6991,24,0,1
7112,7110,24,0,1
7112,7112,24,0,1
7112,7115,24,0,1
7112,7117,24,0,1
7114,7114,24,0,1
7115,7118,60,0,1
7116,6381,24,0,1
7116,6381,18,0,9
7116,7116,24,0,1
7120,7120,36,1,1
7130,6184,24,0,1
7130,6493,24,0,6
7130,7135,60,0,1
7130,7141,66,0,1
7131,7131,36,0,1
7132,7132,36,1,1
7133,7133,24,1,1
7134,7134,36,0,1
7135,7135,24,0,1
7135,7141,30,0,1
7136,7136,24,1,1
7137,7137,36,1,1
7138,7138,24,1,1
7139,7139,24,1,1
7139,7171,24,1,1
7140,7140,36,0,1
7142,7142,24,1,1
7143,7143,24,1,1
7144,7144,24,1,1
7145,7145,24,0,1
7145,7145,24,0,8
7146,7146,24,1,1
7147,7147,24,0,1
7148,7148,24,1,1
7149,7149,36,1,1
7150,6077,60,0,1
7150,6140,42,0,1
7150,6184,24,0,1
7150,6282,72,0,1
7150,6381,18,0,9
7150,6398,12,0,7
7150,6493,24,0,6
7150,7151,72,0,1
7150,7155,60,0,1
7152,7152,36,1,1
7153,7153,36,0,1
7154,7154,24,1,1
7155,6140,6,0,1
7155,6381,18,0,9
7155,6920,24,0,1
7155,7025,24,0,1
7155,7026,24,0,1
7155,7027,24,0,1
7155,7028,24,0,1
7155,7155,24,0,1
7160,7160,36,0,1
7169,7169,12,1,1
7170,6397,6,0,7
7170,7170,78,0,1
7171,7170,36,0,1
7172,7172,36,0,1
7173,7173,24,1,1
7174,7174,24,0,1
7175,7175,24,1,1
7176,7174,24,1,1
7180,7180,36,1,1
7181,7181,24,1,1
7183,7183,24,1,1
7184,7184,36,1,1
7185,6397,6,0,7
7185,7185,24,0,1
7186,7186,36,0,1
7187,7187,24,0,1
7188,7188,24,1,1
7189,7189,24,0,1
7190,7190,36,1,1
7195,7195,24,0,1
7200,7200,36,0,1
7201,7201,36,1,1
7202,7202,30,1,1
7205,6077,24,0,1
7205,6381,18,0,9
7205,7065,24,0,1
7205,7101,24,0,1
7205,7105,6,0,1
7205,7106,12,0,1
7205,7113,24,0,1
7205,7114,24,0,1
7205,7118,24,0,1
7205,7119,24,0,1
7207,6137,6,1,1
7207,7207,24,0,1
7207,7216,24,0,1
7207,7217,24,0,1
7207,7218,24,0,1
7207,7219,24,0,1
7215,7215,36,0,1
7220,5433,24,0,1
7220,7220,24,0,1
7230,7230,60,0,1
7231,7231,48,0,1
7232,7230,24,0,1
7232,7232,24,0,1
7235,7235,36,0,1
7314,7314,24,1,1
7320,6493,24,0,6
7320,7135,60,0,1
7321,7321,24,1,1
7322,7322,36,1,1
7324,7324,36,0,1
7325,6516,36,0,1
7325,7325,36,0,1
7335,7335,36,0,1
7336,7336,24,0,1
7360,6184,24,0,1
7360,6493,24,0,6
7360,7362,48,0,1
7360,7363,72,0,1
7360,7364,72,0,1
7362,6077,24,0,1
7365,7365,36,0,1
7392,7392,12,1,1
7393,7393,36,1,1
7394,7394,24,1,1
7404,7404,36,1,1
7405,7405,36,1,1
7406,7406,36,1,1
7407,7407,36,1,1
7408,7408,36,1,1
7409,6152,36,0,1
7409,7409,36,1,1
7410,7410,36,1,1
7411,6152,36,0,1
7411,7411,36,1,1
7412,6152,36,0,1
7412,7412,36,1,1
7413,6152,36,0,1
7413,7413,36,1,1
7414,6152,48,0,1
7414,7414,48,1,1
7415,7415,36,0,1
7416,7416,48,1,1
7417,7417,48,1,1
7418,6152,36,0,1
7418,7418,36,1,1
7419,7419,36,1,1
7420,7420,36,0,1
7421,6152,36,0,1
7421,7421,36,1,1
7422,6152,36,0,1
7422,7422,36,1,1
7424,7424,24,1,1
7425,7425,24,0,1
7425,7426,24,1,1
7427,7427,24,0,1
7428,7428,36,1,1
7429,7429,42,1,1
7430,7430,24,0,1
7431,7431,36,1,1
7432,7432,36,1,1
7433,7433,36,1,1
7434,7434,36,1,1
7435,7435,36,1,1
7436,7436,36,1,1
7437,7437,36,1,1
7439,7439,36,1,1
7440,7440,48,1,1
7441,7441,36,1,1
7442,7442,36,1,1
7443,7443,36,1,1
7444,7444,36,1,1
7445,7445,36,1,1
7446,7446,36,1,1
7447,7447,36,1,1
7447,8169,36,1,1
7448,7448,36,1,1
7449,7449,36,1,1
7450,7450,36,1,1
7451,7451,36,1,1
7452,7452,36,1,1
7453,7453,24,1,1
7454,7454,24,1,1
7455,7455,24,1,1
7456,7456,24,1,1
7457,7457,24,1,1
7459,7459,24,1,1
7460,7460,24,1,1
7461,7461,24,1,1
7462,7462,24,1,1
7463,7463,24,1,1
7464,7464,24,1,1
7465,7465,24,1,1
7466,7466,24,1,1
7467,7467,24,1,1
7469,7469,24,1,1
7470,7470,24,1,1
7471,7471,24,1,1
7472,6531,24,1,1
7472,6730,24,1,1
7472,6733,24,1,1
7472,7458,24,1,1
7472,7472,24,1,1
7473,6579,24,1,1
7473,6778,24,1,1
7473,7473,24,1,1
7473,7903,24,1,1
7474,6587,24,1,1
7474,6786,24,1,1
7474,7474,24,1,1
7474,7873,24,1,1
7475,6591,24,1,1
7475,6790,24,1,1
7475,6793,24,1,1
7475,7395,24,1,1
7475,7396,24,1,1
7475,7475,24,1,1
7476,6607,24,1,1
7476,6611,24,1,1
7476,6809,24,1,1
7476,6811,24,1,1
7476,7476,24,1,1
7477,6643,24,1,1
7477,6842,24,1,1
7477,7477,24,1,1
7479,6667,24,1,1
7479,7479,24,1,1
7480,7480,24,1,1
7481,7481,24,1,1
7482,7482,24,1,1
7483,7483,24,0,1
7485,7485,24,1,1
7486,7486,24,1,1
7487,7487,24,1,1
7489,7489,24,0,1
7490,7490,24,1,1
7491,7491,36,1,1
7492,7492,24,1,1
7493,5433,24,1,1
7493,7493,24,1,1
7494,7494,24,1,1
7495,7426,24,1,1
7495,7495,24,1,1
7496,7496,24,1,1
7497,7497,24,1,1
7498,7498,24,1,1
7498,8089,24,1,1
7498,8142,24,1,1
7499,7499,24,1,1
7500,7500,24,1,1
7501,7501,42,1,1
7502,7502,42,1,1
7503,7503,42,1,1
7504,7504,42,1,1
7505,7505,42,1,1
7506,7506,42,1,1
7507,7507,42,1,1
7508,7508,42,1,1
7509,7509,42,1,1
7510,7510,42,1,1
7511,7511,42,1,1
7512,7512,42,1,1
7513,7513,36,1,1
7514,7514,36,1,1
7515,7515,36,1,1
7516,7516,36,1,1
7517,7517,36,1,1
7519,7519,36,1,1
7520,7520,36,1,1
7521,7521,36,1,1
7522,7522,36,1,1
7523,7523,36,1,1
7524,7524,36,1,1
7525,7525,36,1,1
7526,7526,36,1,1
7528,6152,36,0,1
7528,7528,36,1,1
7529,6151,36,1,1
7529,7529,36,1,1
7530,6152,36,0,1
7530,7530,36,1,1
7531,6152,36,0,1
7531,7531,36,1,1
7532,6152,36,0,1
7532,7532,36,1,1
7533,6152,48,0,1
7533,7533,48,1,1
7534,7534,48,1,1
7535,7535,48,1,1
7536,6152,36,0,1
7536,7536,36,1,1
7538,7538,36,1,1
7539,7539,36,1,1
7540,6152,36,0,1
7540,7540,36,1,1
7541,7541,36,1,1
7542,6152,24,0,1
7542,7542,42,1,1
7543,7543,36,1,1
7544,7544,36,1,1
7545,7545,36,1,1
7546,7546,36,1,1
7548,7548,36,1,1
7549,7549,36,1,1
7550,7550,36,1,1
7551,7551,48,1,1
7552,7552,36,1,1
7553,7553,36,1,1
7554,7554,36,1,1
7555,7555,36,1,1
7556,7556,36,1,1
7558,7558,36,1,1
7558,8169,36,1,1
7559,7559,36,1,1
7560,7560,36,1,1
7561,7561,36,1,1
7562,7562,36,1,1
7563,7563,36,1,1
7564,7564,36,1,1
7565,7565,24,1,1
7566,7566,24,1,1
7568,7568,24,1,1
7569,7569,24,1,1
7570,7570,24,1,1
7571,7571,24,1,1
7572,7572,24,1,1
7573,7573,24,1,1
7574,7574,24,1,1
7575,7575,24,1,1
7576,7576,24,1,1
7577,7577,24,1,1
7579,7579,24,1,1
7580,7580,24,1,1
7581,7581,24,1,1
7582,7582,24,1,1
7583,7583,24,1,1
7584,7584,24,1,1
7585,7585,24,1,1
7586,7586,24,1,1
7587,7587,24,1,1
7589,7589,24,1,1
7590,7590,24,1,1
7591,7591,24,1,1
7592,6531,24,1,1
7592,6533,24,1,1
7592,6730,24,1,1
7592,6733,24,1,1
7592,7458,24,1,1
7592,7592,24,1,1
7593,6579,24,1,1
7593,7593,24,1,1
7593,7903,24,1,1
7594,6587,24,1,1
7594,6786,24,1,1
7594,7594,24,1,1
7594,7873,24,1,1
7595,6643,24,1,1
7595,6842,24,1,1
7595,7595,24,1,1
7596,7596,24,1,1
7597,7597,24,1,1
7599,7599,24,1,1
7600,6182,24,0,1
7600,6491,24,0,6
7600,7607,72,0,1
7600,7608,72,0,1
7601,7601,24,1,1
7602,7601,60,0,1
7602,7602,60,0,1
7603,7603,24,1,1
7604,7604,24,1,1
7605,7605,24,1,1
7606,7606,24,1,1
7609,7609,24,1,1
7610,6182,24,0,1
7610,6491,24,0,6
7611,7611,24,1,1
7612,7612,24,1,1
7613,7613,36,1,1
7614,7614,24,1,1
7614,7757,24,1,1
7614,7758,24,1,1
7615,6182,24,0,1
7615,6380,18,0,9
7615,6399,12,0,7
7615,6491,24,0,6
7616,7616,24,1,1
7616,7840,24,1,1
7617,5433,24,1,1
7617,7617,24,1,1
7618,7230,24,1,1
7618,7618,24,1,1
7619,7619,24,1,1
7620,7620,24,1,1
7621,7621,36,1,1
7622,7622,24,1,1
7623,7623,24,1,1
7624,7624,24,1,1
7625,7625,24,1,1
7626,7626,24,1,1
7627,7627,24,1,1
7629,7629,24,1,1
7630,7630,24,1,1
7631,7631,24,1,1
7632,7632,24,1,1
7633,7633,24,1,1
7634,7634,24,1,1
7634,8142,24,1,1
7634,8146,24,1,1
7635,7635,24,1,1
7636,7636,24,1,1
7637,7637,24,1,1
7638,7638,24,1,1
7639,7639,24,1,1
7640,7640,42,1,1
7641,7641,42,1,1
7642,7642,42,1,1
7643,7643,42,1,1
7644,7644,42,1,1
7645,7645,42,1,1
7646,7646,42,1,1
7647,7647,36,1,1
7648,7648,36,1,1
7649,7649,36,1,1
7650,7650,36,1,1
7651,7651,36,1,1
7652,7652,36,1,1
7654,7654,36,1,1
7655,7655,36,1,1
7656,7656,36,1,1
7657,7657,36,1,1
7658,7658,36,1,1
7659,7659,36,1,1
7660,7660,36,1,1
7661,7661,36,1,1
7662,7662,36,1,1
7663,7663,36,1,1
7664,6152,36,0,1
7664,7664,36,1,1
7665,7665,36,1,1
7666,7666,36,1,1
7667,7667,24,0,1
7669,6152,36,0,1
7669,7669,36,1,1
7670,6152,36,0,1
7670,7670,36,1,1
7671,6152,36,0,1
7671,7671,36,1,1
7672,7672,36,1,1
7674,7674,36,1,1
7675,7675,36,1,1
7676,7676,36,1,1
7677,7677,36,1,1
7678,7678,36,1,1
7679,7679,36,1,1
7680,7680,36,1,1
7681,7681,36,1,1
7682,7682,36,1,1
7684,7684,36,1,1
7685,7685,36,1,1
7686,7686,36,1,1
7687,7687,36,1,1
7688,7688,36,1,1
7689,7689,36,1,1
7690,7690,36,1,1
7691,7691,36,1,1
7692,7692,36,1,1
7694,7694,36,1,1
7695,7695,24,1,1
7696,7696,24,1,1
7697,7697,24,1,1
7698,7698,24,1,1
7699,7699,24,1,1
7700,7700,24,1,1
7701,7701,24,1,1
7702,7702,24,1,1
7703,7703,24,1,1
7704,7704,24,1,1
7705,7705,24,1,1
7706,7706,24,1,1
7707,7707,24,1,1
7708,7708,24,1,1
7709,7709,24,1,1
7710,7710,24,1,1
7711,7711,24,1,1
7712,7712,24,1,1
7713,7713,24,1,1
7714,7714,24,1,1
7715,7715,24,1,1
7716,7716,24,1,1
7717,5707,24,1,1
7717,7717,24,1,1
7718,7718,24,1,1
7719,7719,24,1,1
7720,6587,24,1,1
7720,6786,24,1,1
7720,7720,24,1,1
7721,6591,24,1,1
7721,6595,24,1,1
7721,6790,24,1,1
7721,6793,24,1,1
7721,6795,24,1,1
7721,7396,24,1,1
7721,7721,24,1,1
7722,6643,24,1,1
7722,6842,24,1,1
7722,7722,24,1,1
7724,7724,24,1,1
7725,7725,24,1,1
7726,7726,24,1,1
7727,7727,24,1,1
7728,7728,24,1,1
7729,7729,24,1,1
7730,7730,24,1,1
7731,7731,24,1,1
7732,7732,24,1,1
7734,7734,24,1,1
7735,7735,24,1,1
7736,7736,24,1,1
7737,7737,24,1,1
7738,7738,24,1,1
7739,7739,24,1,1
7740,7740,24,1,1
7741,7741,36,1,1
7742,7742,24,1,1
7744,7744,24,1,1
7745,6000,6,0,6
7745,7745,24,0,1
7746,6000,6,0,6
7746,7746,24,0,1
7747,6000,6,0,6
7747,7747,24,0,1
7748,6000,6,0,6
7748,7748,24,0,1
7749,6000,6,0,6
7749,7749,24,0,1
7750,6000,6,0,6
7750,7750,24,0,1
7751,6000,6,0,6
7751,7751,24,0,1
7752,6000,12,0,6
7752,7752,24,0,1
7753,7753,24,0,1
7754,7754,24,1,1
7755,7755,36,1,1
7756,7756,24,1,1
7780,7780,36,1,1
7781,7781,36,1,1
7782,7782,36,1,1
7783,7783,36,1,1
7784,7784,36,1,1
7785,7785,24,1,1
7786,7786,24,1,1
7787,7787,24,1,1
7788,7788,24,1,1
7789,7789,24,1,1
7790,7790,24,1,1
7791,7791,24,1,1
7792,7792,24,1,1
7793,7793,24,1,1
7794,7794,24,1,1
7795,7795,24,1,1
7796,7796,24,1,1
7797,7797,24,1,1
7798,7798,24,1,1
7799,7799,24,1,1
7800,7800,12,1,1
7801,7801,12,1,1
7803,7803,36,1,1
7805,7805,12,1,1
7840,6182,24,0,1
7840,6491,24,0,6
7840,7842,48,0,1
7840,7844,72,0,1
7841,7841,36,1,1
7843,7843,36,1,1
7845,7845,36,1,1
7846,7846,36,1,1
7847,7847,36,1,1
7848,7848,36,1,1
7849,7849,36,1,1
7850,7850,36,1,1
7851,7851,36,1,1
7852,7852,36,1,1
7853,7853,36,1,1
7854,7854,36,1,1
7855,7855,36,1,1
7856,7856,36,1,1
7857,7857,36,1,1
7858,7858,36,1,1
7859,7859,36,1,1
7860,7860,36,1,1
7861,7861,24,1,1
7862,7862,24,1,1
7863,7863,24,1,1
7864,7864,36,1,1
7865,7865,24,1,1
7866,7866,12,1,8
7867,7867,36,1,1
7885,6860,60,0,1
7885,7887,48,0,1
7900,7900,36,1,1
7901,7901,36,1,1
7902,7902,36,0,1
7904,7904,36,1,1
7905,7905,36,0,1
7906,7906,36,1,1
7907,7907,36,1,1
7908,7908,36,1,1
7909,7909,36,1,1
7910,7910,36,0,1
7911,7911,36,1,1
7912,7912,36,1,1
7914,7914,36,1,1
7915,7915,36,1,1
7916,7916,36,1,1
7917,7917,36,1,1
7918,7918,36,1,1
7919,7919,36,1,1
7920,7920,36,1,1
7921,7921,36,1,1
7922,7922,36,1,1
7923,7923,36,1,1
7924,7924,36,1,1
7925,7925,36,0,1
7926,7926,36,1,1
7927,7927,36,0,1
7928,7928,36,1,1
7929,7929,36,1,1
7930,7930,36,0,1
7930,7932,36,0,1
7931,7931,36,0,1
7932,7932,36,1,1
7933,7933,36,0,1
7934,7934,36,0,1
7935,7935,36,1,1
7936,7936,36,1,1
7937,7937,36,0,1
7938,7938,36,0,1
7939,7939,36,0,1
7940,7940,36,0,1
7941,7941,24,1,1
7942,7942,36,1,1
7943,7943,36,1,1
7944,7944,36,0,1
7945,7945,24,1,1
7946,7946,24,1,1
7947,7947,24,1,1
7948,7948,36,1,1
7949,7949,24,1,1
7950,7950,24,1,1
7951,7951,36,0,1
7952,7952,24,1,1
7953,7953,36,0,1
7954,7954,24,1,1
7955,7955,24,1,1
7956,7956,24,1,1
7957,7957,24,1,1
7958,7958,36,1,1
7959,7959,24,1,1
7960,7960,24,1,1
7961,7961,24,1,1
7962,7962,36,1,1
7963,7963,24,1,1
7964,7964,36,1,1
7965,7965,24,1,1
7966,7966,36,1,1
7967,7967,36,1,1
7968,7915,36,1,1
7968,7968,36,0,1
7969,7969,36,1,1
7970,7970,24,1,1
7971,7971,36,1,1
7972,7972,36,1,1
7973,7973,36,1,1
7974,7974,36,1,1
7975,7975,36,1,1
7976,7976,36,1,1
7977,7977,36,1,1
7981,7981,42,1,1
7982,7982,42,1,1
7983,7983,42,1,1
7984,7984,42,1,1
7985,7985,42,1,1
7986,7986,54,1,1
7987,7987,42,1,1
7988,7988,54,1,1
7995,7995,24,1,1
8000,8000,36,1,1
8010,6185,24,0,1
8010,6382,18,0,9
8010,6396,12,0,7
8010,6494,24,0,6
8010,8001,24,0,6
8010,8001,24,0,8
8010,8002,24,0,6
8010,8003,24,0,6
8010,8005,60,0,6
8010,8031,48,0,1
8010,8032,48,0,1
8010,8033,48,0,1
8010,8034,48,0,1
8010,8035,48,0,1
8010,8036,48,0,1
8010,8037,48,0,1
8010,8038,48,0,1
8010,8078,42,0,1
8010,8079,60,0,1
8010,8080,60,0,1
8010,8081,60,0,1
8010,8082,60,0,1
8010,8083,60,0,1
8010,8084,60,0,1
8010,8085,60,0,1
8010,8086,60,0,1
8010,8087,60,0,1
8010,8088,60,0,1
8010,8089,60,0,1
8010,8090,60,0,1
8010,8091,66,0,1
8010,8092,60,0,1
8010,8093,60,0,1
8010,8094,60,0,1
8010,8095,60,0,1
8010,8096,60,0,1
8010,8097,60,0,1
8010,8099,60,0,1
8010,8117,60,0,1
8010,8165,42,0,1
8010,8166,42,0,1
8010,8202,60,0,1
8010,8210,54,0,1
8010,8226,60,0,1
8018,8018,24,1,1
8019,8019,24,1,1
8020,8020,24,1,1
8021,8021,36,0,1
8026,8026,36,1,1
8027,8027,24,1,1
8028,8028,24,0,1
8029,8029,12,1,8
8030,8030,12,1,8
8039,8039,36,0,1
8040,8040,36,0,1
8041,8041,36,1,1
8042,8042,36,1,1
8043,8043,24,1,1
8044,8044,36,0,1
8045,8045,36,0,1
8046,8046,24,1,1
8047,8047,12,1,8
8048,8048,12,1,8
8049,8049,36,0,1
8050,8050,36,0,1
8051,8051,24,1,1
8052,8052,36,0,1
8053,8053,12,1,8
8054,8054,12,1,8
8055,8055,12,1,8
8056,8056,12,1,8
8057,8057,12,1,1
8058,8058,12,1,8
8059,8059,36,1,1
8060,8060,24,1,1
8061,8061,12,1,8
8062,8062,24,1,1
8063,8063,24,1,1
8064,8064,24,1,1
8064,8173,24,0,1
8065,8065,24,1,1
8066,8066,36,1,1
8067,8067,36,1,1
8068,8068,36,1,1
8069,8069,24,1,1
8070,8070,24,1,1
8072,8072,24,1,1
8073,8073,24,1,1
8074,8074,24,1,1
8075,8075,36,0,1
8076,8076,24,1,1
8077,8077,24,0,1
8079,8079,24,0,1
8080,6382,18,0,9
8080,8078,6,0,1
8080,8080,24,0,1
8081,6132,6,1,1
8081,8006,24,0,1
8081,8007,24,0,1
8081,8008,24,0,1
8081,8009,24,0,1
8081,8031,12,0,1
8081,8081,24,0,1
8081,8166,6,0,1
8082,6139,6,0,1
8082,6382,18,0,9
8082,8022,24,0,1
8082,8023,24,0,1
8082,8024,24,0,1
8082,8025,24,0,1
8082,8032,12,0,1
8082,8082,24,0,1
8082,8082,24,0,8
8082,8165,6,0,1
8083,6135,6,0,1
8083,6382,18,0,9
8083,6494,24,0,6
8083,8010,24,0,1
8083,8011,24,0,1
8083,8012,24,0,1
8083,8013,24,0,1
8083,8033,12,0,1
8083,8083,24,0,1
8084,8037,12,0,1
8084,8084,24,1,1
8085,8081,60,0,1
8089,8089,24,1,1
8090,8090,24,0,1
8091,8035,12,0,1
8091,8091,24,0,1
8092,6138,6,0,1
8092,6382,18,0,9
8092,6396,12,0,7
8092,8014,24,0,1
8092,8015,24,0,1
8092,8016,24,0,1
8092,8017,24,0,1
8092,8034,12,0,1
8092,8092,24,0,1
8093,8036,12,0,1
8093,8093,24,1,1
8094,8094,24,0,1
8095,8095,24,0,1
8096,8096,24,0,1
8097,8097,24,0,1
8098,8098,24,0,1
8099,8099,24,1,1
8100,8100,36,1,1
8105,8105,36,0,1
8114,8114,36,1,1
8115,8115,24,1,1
8116,8116,36,1,1
8117,8117,60,0,1
8118,8118,24,0,1
8120,6185,24,0,1
8120,6382,18,0,9
8120,6396,12,0,7
8120,6494,24,0,6
8120,8089,60,0,1
8120,8131,54,0,1
8120,8141,60,0,1
8120,8142,60,0,1
8120,8143,60,0,1
8120,8144,60,0,1
8120,8146,60,0,1
8120,8181,60,0,1
8120,8182,60,0,1
8120,8183,60,0,1
8120,8185,60,0,1
8127,8127,24,1,1
8128,8128,36,1,1
8129,8129,36,0,1
8130,8130,36,1,1
8132,8132,36,0,1
8133,8133,36,0,1
8134,8134,36,1,1
8135,8135,36,0,1
8135,8135,36,0,8
8136,8136,36,0,1
8137,8137,36,0,1
8138,8138,36,0,1
8139,8139,36,0,1
8139,8169,36,1,1
8140,8140,36,0,1
8147,8147,36,0,1
8147,8148,36,0,1
8148,8148,36,0,1
8149,8149,36,1,1
8150,8150,36,0,1
8151,8151,24,0,1
8152,8152,36,1,1
8153,8153,36,0,1
8154,8154,36,0,1
8155,8155,36,1,1
8156,8156,36,1,1
8157,8157,36,0,1
8160,6185,24,0,1
8160,6382,18,0,9
8160,6396,12,0,7
8160,6494,24,0,6
8160,8171,48,0,1
8160,8181,60,0,1
8160,8182,60,0,1
8160,8183,60,0,1
8160,8184,60,0,1
8160,8185,60,0,1
8160,8189,60,0,1
8163,8163,36,1,1
8164,8164,36,0,1
8167,8167,36,0,1
8168,8168,36,0,1
8169,8169,36,0,1
8170,8170,36,1,1
8172,8172,36,1,1
8173,8173,24,1,1
8174,8174,24,1,1
8175,8175,24,1,1
8180,8180,36,0,1
8184,8185,60,0,1
8185,6136,6,0,1
8185,8185,24,0,1
8186,8186,36,0,1
8187,8187,36,0,1
8188,8188,36,0,1
8198,8198,24,1,1
8199,8199,24,1,1
8200,6185,24,0,1
8200,6382,18,0,9
8200,6396,12,0,7
8200,6494,24,0,6
8200,8004,24,0,6
8200,8200,24,0,1
8200,8202,60,0,1
8200,8210,54,0,1
8200,8221,66,0,1
8200,8222,66,0,1
8200,8223,66,0,1
8200,8224,60,0,1
8200,8225,60,0,1
8200,8226,60,0,1
8201,8201,24,1,1
8202,6129,6,0,1
8202,8202,24,0,1
8202,8217,24,0,1
8202,8218,24,0,1
8202,8219,24,0,1
8202,8220,24,0,1
8203,8203,24,1,1
8205,8205,24,0,1
8211,8211,24,0,1
8216,8216,24,1,1
8217,8117,24,0,1
8220,8089,24,1,1
8220,8131,18,0,1
8220,8141,24,0,1
8220,8142,24,0,1
8220,8143,24,0,1
8220,8144,24,0,1
8220,8145,24,1,1
8220,8146,24,0,1
8226,8200,24,0,1
8226,8226,24,0,1
8227,8227,24,1,1
8228,8228,24,0,1
8229,8229,24,0,1
8230,6382,18,0,9
8230,8038,12,0,1
8230,8085,24,0,1
8230,8086,24,0,1
8230,8087,24,0,1
8230,8088,24,0,1
8230,8089,24,0,1
8231,8231,24,1,1
8232,8232,24,0,1
8233,8233,24,0,1
8234,8234,24,1,1
8235,8235,24,0,1
8240,6128,6,0,1
8240,6129,6,0,1
8240,6130,6,0,1
8240,6271,24,0,1
8240,6382,18,0,9
8240,6494,24,0,6
8240,8202,24,0,1
8240,8210,18,0,1
8240,8221,30,0,1
8240,8222,30,0,1
8240,8223,30,0,1
8240,8224,24,0,1
8240,8225,24,0,1
8240,8226,24,0,1
8244,8244,24,1,1
8245,8245,24,0,1
8246,8246,36,1,1
8247,8247,36,1,1
8248,8227,24,1,1
8248,8248,24,0,1
8249,8249,24,1,1
8250,6185,24,0,1
8250,6382,18,0,9
8250,6396,12,0,7
8250,6494,24,0,6
8250,8252,48,0,1
8250,8256,60,0,1
8251,8251,24,1,1
8253,8253,36,0,1
8253,8253,36,0,8
8254,8254,24,1,1
8255,8255,12,0,1
8256,6382,18,0,9
8256,6494,24,0,6
8256,8252,12,0,1
8256,8256,24,0,1
8257,8257,24,1,1
8258,8258,24,1,1
8259,8259,24,1,1
8260,6382,18,0,9
8260,8262,60,0,1
8261,8261,36,0,1
8262,8262,24,0,1
8263,8263,24,1,1
8264,8254,24,0,1
8264,8264,24,0,1
8265,8265,36,0,1
8266,8266,42,1,1
8267,8267,42,1,1
8268,8268,42,1,1
8270,8270,24,0,1
8271,8271,36,0,1
8272,8272,24,0,1
8275,8275,24,0,1
8280,6136,6,0,1
8280,6382,18,0,9
8280,6494,24,0,6
8280,8171,12,0,1
8280,8181,24,0,1
8280,8182,24,0,1
8280,8183,24,0,1
8280,8184,24,0,1
8280,8185,24,0,1
8280,8189,24,0,1
8280,8240,24,0,1
8280,8241,24,0,1
8280,8242,24,0,1
8280,8243,24,0,1
8281,8281,24,1,1
8282,8282,36,1,1
8283,8283,24,1,1
8284,8284,24,1,1
8285,8285,36,1,1
8290,8290,36,1,1
8291,8291,36,0,1
8292,8292,36,0,1
8295,8295,24,0,1
8296,8296,24,0,1
8300,8300,24,1,1
8301,8301,36,0,1
8302,8302,24,1,1
8303,8303,24,1,1
8304,8304,24,0,1
8305,8305,24,1,1
8306,8306,24,1,1
8307,8307,24,1,1
8308,8308,24,1,1
8309,8309,24,1,1
8310,8310,24,1,1
8311,8311,24,1,1
8312,8312,24,1,1
8313,8313,24,1,1
8314,8314,24,1,1
8315,8315,24,1,1
8316,8316,24,0,1
8317,8317,24,1,1
8318,8318,24,1,1
8319,8319,24,1,1
8320,8320,24,1,1
8321,8321,24,1,1
8322,8321,24,1,1
8322,8322,24,1,1
8323,8323,24,1,1
8324,8323,24,1,1
8324,8324,24,1,1
8325,8325,24,1,1
8326,8325,24,1,1
8326,8326,24,1,1
8327,8327,24,1,1
8328,8328,24,1,1
8329,8329,24,1,1
8330,8330,24,1,1
8331,8331,24,0,1
8332,8332,24,0,1
8333,8333,24,0,1
8334,8334,24,0,1
8335,8335,24,0,1
8336,8336,24,0,1
8337,8337,24,0,1
8338,8338,24,0,1
8339,8339,24,0,1
8340,8340,24,1,1
8341,8341,24,0,1
8342,8342,24,0,1
8343,8343,24,0,1
8344,8344,24,1,1
8345,8345,24,1,1
8346,8346,24,1,1
8347,8347,24,1,1
8348,8348,24,1,1
8349,8349,24,0,1
8350,8350,24,1,1
8351,8351,24,0,1
8352,8352,24,0,1
8353,8353,24,1,1
8354,8354,24,1,1
8355,8355,24,1,1
8356,8356,24,1,1
8357,8357,24,1,1
8358,8358,24,1,1
8359,8359,24,0,1
8360,8360,24,1,1
8361,8361,24,0,1
8362,8362,24,1,1
8363,8363,24,0,1
8364,8364,24,1,1
8365,8365,24,1,1
8366,8366,24,1,1
8367,8367,24,1,1
8368,8368,24,1,1
8369,8369,24,0,1
8370,8370,24,1,1
8371,8371,24,0,1
8372,8372,24,1,1
8373,8373,24,1,1
8374,8374,24,1,1
8375,8375,24,1,1
8376,8376,24,1,1
8377,8377,30,1,8
8378,8378,24,1,1
8379,8379,12,1,8
8380,8380,12,1,8
8381,8381,12,1,8
8382,8382,12,1,8
8383,8383,12,1,8
8384,8384,12,1,8
8385,8385,12,1,8
8386,8386,12,1,8
8387,8387,24,1,1
8388,8388,24,1,1
8391,8391,12,1,1
8392,8392,12,1,1
8393,8393,12,1,1
8400,8400,36,0,1
8401,8401,12,1,8
8402,8402,36,1,1
8403,8403,36,0,1
8404,8404,36,1,1
8405,3211,36,1,1
8405,3212,42,1,1
8405,8405,36,1,1
8406,8406,36,0,1
8407,8407,36,0,1
8408,8408,12,1,8
8409,8409,36,1,1
8410,8410,36,1,1
8411,8411,36,0,1
8412,8412,36,1,1
8413,8413,12,1,8
8414,8414,24,1,1
8415,5415,30,1,1
8415,8415,30,0,1
8416,8416,24,1,1
8417,8417,36,1,1
8418,8418,24,1,1
8419,8419,24,1,1
8420,8420,36,1,1
8421,8421,36,1,1
8422,8422,24,1,1
8423,8423,24,1,1
8424,8424,24,1,1
8425,8425,24,1,1
8426,8426,24,1,1
8427,8427,24,1,1
8428,8428,24,1,1
8429,8429,24,1,1
8430,8430,24,1,1
8431,8431,24,1,1
8432,8432,24,1,1
8433,8433,24,1,1
8434,8434,24,1,1
8435,8435,24,1,1
8436,8436,24,1,1
8437,8437,24,1,1
8438,8438,24,1,1
8439,8439,24,1,1
8440,8440,18,0,8
8441,8441,12,1,8
8442,8442,12,1,8
8443,8443,12,1,8
8444,8444,12,0,8
8445,8445,2,0,8
8446,8446,2,0,8
8447,8447,2,0,8
8448,8448,6,1,8
8449,8449,24,1,1
8450,8450,24,1,1
8451,8451,24,1,1
8452,8452,24,1,1
8453,8453,24,1,1
8454,8454,24,1,1
8455,8455,24,1,1
8456,8456,24,1,1
8457,8457,24,1,1
8458,8458,24,1,1
8459,8459,24,1,1
8460,8460,24,1,1
8461,8461,24,1,1
8462,8462,24,1,1
8463,8463,24,1,1
8464,8464,24,1,1
8465,8465,24,1,1
8466,8466,24,1,1
8467,8467,24,1,1
8468,8468,24,1,1
8469,8469,24,1,1
8470,8470,24,1,1
8470,8647,24,1,1
8470,8648,24,1,1
8471,8471,24,1,1
8472,8472,24,1,1
8473,8473,24,1,1
8474,8474,24,1,1
8475,8475,24,1,1
8476,8476,24,1,1
8477,8477,24,1,1
8478,8478,24,1,1
8479,8479,24,1,1
8480,8480,24,1,1
8481,8481,24,1,1
8482,8482,24,1,1
8483,8483,24,1,1
8484,8484,24,1,1
8485,8485,24,1,1
8486,8486,24,1,1
8487,8487,24,1,1
8488,8488,24,1,1
8489,8489,24,1,1
8490,8490,24,1,1
8491,8491,24,1,1
8492,8492,24,1,1
8493,8493,24,1,1
8494,8494,24,1,1
8495,8495,24,1,1
8496,8496,24,1,1
8497,8497,24,1,1
8498,8498,24,1,1
8499,8499,24,1,1
8500,8500,24,1,1
8501,8501,12,0,8
8502,8502,12,1,8
8503,8503,12,1,8
8504,8504,12,0,8
8505,8505,12,0,8
8506,8506,12,1,8
8507,8507,12,0,8
8508,8508,12,1,8
8509,8509,12,1,8
8510,8510,12,1,8
8511,8511,12,0,8
8512,8512,12,1,8
8513,8513,12,1,8
8514,8514,24,1,1
8515,8515,24,1,1
8516,8516,24,1,1
8517,8517,12,1,8
8518,8518,12,1,8
8519,8519,12,1,8
8520,8520,12,0,8
8521,8521,12,1,8
8522,8522,12,0,8
8523,8523,12,0,8
8524,8524,12,1,8
8525,8525,12,1,8
8526,8526,12,0,8
8527,8527,24,1,1
8528,8528,24,1,1
8529,8529,24,1,1
8530,8530,24,1,1
8531,8531,24,1,1
8532,8532,24,1,1
8533,8533,24,1,1
8534,8534,24,1,1
8535,8535,24,1,1
8536,8536,24,1,1
8537,8537,24,1,1
8538,8538,24,1,1
8539,8539,24,1,1
8540,8540,24,1,1
8541,8541,24,1,1
8542,8542,24,1,1
8543,8543,24,1,1
8544,8544,24,1,1
8545,8545,24,1,1
8546,8546,24,1,1
8547,8547,24,1,1
8548,8548,24,1,1
8549,8549,24,1,1
8550,8550,24,1,1
8551,8551,12,1,8
8552,8552,12,1,8
8553,8553,12,1,8
8554,8554,12,0,8
8555,8555,12,0,8
8556,8556,12,1,8
8557,8557,12,1,8
8558,8558,12,1,8
8559,8559,12,1,8
8560,8560,12,1,8
8561,8561,12,0,8
8562,8562,12,0,8
8563,8563,42,0,1
8564,8564,12,1,8
8565,8565,24,1,1
8566,8566,24,1,1
8567,8567,24,1,1
8568,8568,24,1,1
8569,8569,24,1,1
8570,8570,24,1,1
8571,8571,24,1,1
8572,8572,24,1,1
8573,8573,24,1,1
8574,8574,24,1,1
8575,8575,24,1,1
8576,8576,24,1,1
8577,8577,24,1,1
8578,8578,24,1,1
8579,8579,24,1,1
8580,8580,24,1,1
8581,8581,24,1,1
8582,8582,24,1,1
8583,8583,24,1,1
8584,8584,12,1,8
8585,8585,12,1,8
8586,8586,12,0,8
8587,8587,12,1,8
8588,8588,12,1,8
8589,8589,12,1,8
8590,8590,24,1,1
8591,8591,24,1,1
8592,8592,24,1,1
8593,8593,24,1,1
8594,8594,24,1,1
8595,8595,24,1,1
8596,8596,24,1,1
8597,8597,24,1,1
8598,8598,24,1,1
8599,8599,12,1,8
8600,8600,12,1,8
8601,8601,24,1,8
8602,8602,12,0,8
8603,8603,24,1,8
8604,8604,12,0,8
8605,8605,24,1,1
8606,8606,24,1,1
8607,8607,24,1,1
8608,8608,24,1,1
8609,8609,24,1,1
8610,8610,24,1,1
8611,8611,24,1,1
8612,8612,24,1,1
8613,8613,24,1,1
8614,8614,24,1,1
8615,8615,24,1,1
8616,8616,24,1,1
8620,8620,12,1,8
8621,8621,6,0,8
8622,8622,12,1,8
8623,8623,42,0,8
8624,8624,12,0,8
8625,8625,12,0,8
8626,8626,12,1,8
8627,8627,12,0,8
8628,8628,12,1,8
8629,8629,12,1,8
8630,8630,12,0,8
8631,8631,12,0,8
8632,8632,12,1,8
8633,8633,12,1,1
8634,8634,4,0,8
8635,8635,12,0,1
8636,8636,12,1,8
8637,8637,12,1,8
8638,8638,12,1,8
8639,8639,12,0,8
8640,8640,12,1,1
8641,8641,18,1,1
8642,8642,18,1,1
8643,8643,12,1,1
8644,8644,18,1,1
8645,8645,12,1,1
8646,8646,12,1,1
8655,8655,12,1,8
8656,8656,12,1,8
8657,8657,12,0,8
8658,8658,12,1,8
8670,8670,12,1,8
8671,8671,12,1,8
8672,8672,12,1,8
8673,8673,12,1,8
8674,8674,12,1,8
8701,8701,24,1,1
8702,8702,24,1,1
8703,8703,24,1,1
8704,8704,24,1,1
8705,8705,24,1,1
8706,8706,24,1,1
8707,8707,24,1,1
8708,8708,24,1,1
8709,8709,24,1,1
8710,8710,24,1,1
8711,8711,24,1,1
8712,8712,24,1,1
8713,8713,24,1,1
8714,8714,24,1,1
8715,8715,24,1,1
8716,8716,24,1,1
8717,8717,24,1,1
8718,8718,24,1,1
8719,8719,24,1,1
8720,8720,24,1,1
8721,8721,24,1,1
8722,8722,24,1,1
8723,8723,24,1,1
8724,8724,24,1,1
8725,8725,24,1,1
8726,8726,24,1,1
8727,8727,24,1,1
8728,8728,24,1,1
8729,8729,24,1,1
8730,8730,12,1,1
8731,8731,24,1,1
8732,8732,24,1,1
8750,8750,12,1,8
8799,8799,12,1,8
8800,8800,12,1,8
8801,8801,12,1,8
8802,8802,12,0,8
8803,8803,12,0,8
8804,8804,12,0,8
8805,8805,12,1,8
8806,8806,12,0,8
8807,8807,12,0,8
8808,8808,12,1,8
8809,8809,12,0,8
8810,8810,12,0,8
8811,8811,12,0,8
8812,8812,12,1,8
8813,8813,12,1,8
8814,8814,12,0,8
8815,8815,12,0,8
8816,8816,12,1,8
8817,8817,12,0,8
8818,8818,12,1,8
8819,8819,12,1,8
8820,8820,18,0,8
8821,8821,12,0,8
8822,8822,12,0,8
8823,8823,12,1,8
8824,8824,12,1,8
8825,8825,18,1,8
8826,3213,12,0,8
8826,3214,12,0,8
8826,3215,12,0,8
8826,8826,12,0,8
8826,8906,12,1,8
8826,8953,12,1,8
8826,8954,12,1,8
8827,8827,12,0,8
8828,8828,12,0,8
8829,8829,12,0,8
8830,8830,18,0,8
8831,8831,12,0,8
8832,8832,12,1,8
8833,8833,12,0,8
8834,8834,12,0,8
8835,8835,12,0,8
8836,8836,12,1,8
8837,8837,12,0,8
8838,8838,12,0,8
8839,8839,12,0,8
8840,8840,12,0,8
8841,8841,12,1,8
8842,8842,12,0,8
8843,8843,12,1,8
8844,8844,12,0,8
8845,8845,12,1,8
8846,8846,12,0,8
8847,8847,12,0,8
8848,8848,12,1,8
8849,8849,12,1,8
8850,8850,12,0,8
8851,8851,12,0,8
8852,8852,12,0,8
8853,8853,12,1,8
8854,8854,12,1,8
8855,8855,12,0,8
8856,8856,12,0,8
8857,8857,12,1,8
8858,8858,12,0,8
8859,8859,12,0,8
8860,8860,12,0,8
8861,8861,12,0,8
8862,8862,12,1,8
8863,8863,12,0,8
8864,8864,12,1,8
8865,8260,12,0,8
8865,8865,12,0,8
8866,8866,12,0,8
8867,8867,12,0,8
8868,8868,15,0,8
8869,8869,12,1,8
8870,8870,12,0,8
8871,8871,12,0,8
8872,8872,12,0,8
8873,8873,12,0,8
8874,8874,12,0,8
8875,8875,12,1,8
8876,8876,12,0,8
8877,8877,12,0,8
8878,8878,12,1,8
8879,8879,18,1,8
8880,8880,12,0,8
8881,8881,12,1,8
8882,8882,12,1,8
8883,8883,12,1,8
8884,8884,12,0,8
8885,8885,12,0,8
8886,8886,12,0,8
8887,8887,12,0,8
8888,8888,12,0,8
8889,8889,12,1,8
8890,8890,12,0,8
8891,8891,12,0,8
8892,8892,12,0,8
8893,8893,12,1,8
8894,8894,12,0,8
8895,8895,12,0,8
8896,8896,12,0,8
8897,8897,12,1,8
8898,8898,12,0,8
8899,8899,12,0,8
8900,8900,18,0,8
8901,8901,12,0,8
8902,8902,18,1,8
8903,8903,18,0,8
8904,8904,12,0,8
8905,8905,12,0,8
8906,8906,12,1,8
8907,8907,18,0,8
8908,8908,12,0,8
8909,8909,12,0,8
8910,8910,12,1,8
8911,8911,12,1,8
8912,8912,12,0,8
8913,8913,12,0,8
8914,8914,12,0,8
8915,8915,12,0,8
8916,8916,12,0,8
8917,8917,12,0,8
8918,8918,12,1,8
8919,8919,12,1,8
8920,8920,18,0,8
8921,8921,12,0,8
8922,8922,12,0,8
8923,8923,12,0,8
8924,8924,12,0,8
8925,8925,12,0,8
8926,8926,12,0,8
8927,8927,12,1,8
8928,8928,12,1,8
8929,8929,12,1,8
8930,8930,12,1,8
8931,8931,12,1,8
8932,8932,12,0,8
8933,8933,12,0,8
8934,8934,12,0,8
8935,8935,12,0,8
8936,8936,12,0,8
8937,8937,12,0,8
8938,8938,12,1,8
8939,8939,12,1,8
8940,8940,12,0,8
8941,8941,12,1,8
8942,8942,12,0,8
8943,8943,12,0,8
8944,8944,12,0,8
8945,8945,12,0,8
8946,8946,12,1,8
8947,8947,12,1,8
8948,8948,12,1,8
8949,8949,12,1,8
8950,8950,12,1,8
8951,8951,12,0,8
8952,8952,12,1,8
8953,8953,12,1,8
8954,8954,12,1,8
8955,8955,12,1,8
8956,8956,12,1,8
8957,8957,12,1,8
8958,8958,12,0,8
8959,8959,12,0,8
8960,8960,12,1,8
8961,8961,24,0,1
8962,8962,12,1,8
8963,8963,12,1,8
8964,8964,12,1,8
8965,8965,12,1,1
8966,8966,12,1,1
8967,8967,12,1,1
8968,8968,12,1,8
8969,8969,12,0,8
8970,8970,12,0,8
8971,8971,12,1,8
8972,8972,12,0,8
8973,8973,12,1,8
8974,8974,12,0,8
8975,8975,12,1,8
8976,8976,12,1,8
8977,8977,12,0,8
8978,8978,12,1,8
8979,8979,12,0,8
8980,8980,12,1,8
8981,8981,12,1,8
8993,8993,42,1,1
8994,8994,12,1,8
8995,8995,12,1,8
8996,8996,12,1,8
8997,8997,12,1,8
8998,8998,12,1,8
8999,8999,12,0,1
8999,8999,12,1,8
9014,1549,24,0,8
9014,9014,0,0,8
9015,9015,0,0,0
9020,9020,1,0,8
9030,9030,0,0,0
9034,9034,0,0,0
9035,9035,0,0,0
9036,9036,0,0,0
9037,9037,0,0,0
9038,9038,0,0,0
9039,9039,0,0,0
9040,9040,0,0,0
9041,9041,0,0,0
9042,9042,0,0,0
9043,9043,0,0,0
9044,9044,0,0,0
9045,9045,0,0,0
9046,9046,0,0,0
9047,9047,0,0,0
9049,9049,0,0,0
9050,9050,0,0,0
9051,9051,0,0,0
9052,9052,0,0,0
9053,9053,0,0,0
9054,9054,0,0,0
9055,9055,0,0,0
9056,9056,0,0,0
9057,9057,0,0,0
9061,9061,0,0,0
9062,9062,0,0,0
9106,9106,0,0,0
9121,9121,60,0,0
9122,9122,60,0,0
9123,9123,48,0,0
9124,9124,72,0,0
9125,9125,0,0,0
9132,9132,0,0,0
9144,9144,0,0,0
9167,9167,0,0,0
9171,9171,36,0,0
9172,9172,0,0,0
9173,9173,0,0,0
9174,9174,0,0,0
9175,9175,5,1,1
9176,9176,0,0,0
9203,9203,0,0,0
9215,9215,0,0,0
9224,9224,24,0,0
9225,9225,60,0,0
9258,9258,0,0,0
9264,9264,0,0,0
9266,9266,0,0,0
9267,9267,0,0,0
9269,9269,0,0,0
9315,9315,0,0,0
9316,9316,0,0,0
9317,9317,0,0,0
9320,9320,0,0,0
9321,9321,0,0,0
9322,9322,0,0,0
9327,9327,0,0,0
9328,9328,0,0,0
9329,9329,0,0,0
9332,9332,0,0,0
9333,9333,0,0,0
9334,9334,0,0,0
9338,9338,0,0,0
9339,9339,0,0,0
9342,9342,0,0,0
9369,9369,0,0,0
9382,9382,0,0,0
9384,9384,0,0,0
9385,9385,0,0,0
9386,9386,0,0,0
9390,9390,0,0,0
9391,9391,0,0,0
9392,9392,0,0,0
9393,9393,0,0,0
9394,9394,0,0,0
9395,9395,0,0,0
9396,9396,0,0,0
9397,9397,0,0,0
9398,9398,0,0,0
9399,9399,0,0,0
9400,9400,0,0,0
9403,9403,0,0,0
9404,9404,0,0,0
9405,9405,0,0,0
9406,9406,0,0,0
9407,9407,0,0,0
9409,9409,0,0,0
9410,9410,0,0,0
9412,9412,0,0,0
9413,9413,0,0,0
9414,9414,0,0,0
9416,9416,0,0,0
9418,9418,0,0,0
9420,9420,0,0,0
9422,9422,0,0,0
9423,9423,0,0,0
9424,9424,0,0,0
9429,9429,0,0,0
9430,9430,0,0,0
9431,9431,0,0,0
9434,9434,0,0,0
9435,9435,0,0,0
9440,9440,0,0,0
9445,9445,0,0,0
9450,9450,0,0,0
9465,9465,0,0,0
9467,9467,0,0,0
9468,9468,36,0,0
9469,9469,0,0,0
9470,9470,0,0,0
9471,9471,0,0,0
9472,9472,0,0,0
9473,9473,0,0,0
9474,9474,0,0,0
9475,9475,0,0,0
9476,9476,0,0,0
9477,9477,0,0,0
9481,9481,0,0,0
9483,9483,0,0,0
9484,9484,0,0,0
9485,9485,0,0,0
9486,9486,0,0,0
9487,9487,0,0,0
9488,9488,0,0,0
9490,9490,0,0,0
9491,9491,0,0,0
9492,9492,0,0,0
9493,9493,0,0,0
9495,9495,0,0,0
9498,9498,0,0,0
9500,9500,0,0,0
9502,9502,0,0,0
9504,9504,0,0,0
9505,9505,0,0,0
9508,9508,0,0,0
9514,9514,0,0,0
9515,9515,0,0,0
9517,9517,0,0,0
9518,9518,0,0,0
9529,9529,0,0,0
9531,9531,0,0,0
9533,9533,0,0,0
9534,9534,0,0,0
9535,9535,0,0,0
9536,9536,0,0,0
9537,9537,0,0,0
9538,9538,0,0,0
9539,9539,0,0,0
9540,9540,0,0,0
9541,9541,0,0,0
9542,9542,0,0,0
9556,9556,0,0,0
9564,9564,0,0,0
9569,9569,6,0,0
9571,9571,0,0,0
9572,9572,0,0,0
9573,9573,0,0,0
9574,9574,0,0,0
9580,9580,0,0,0
9584,9584,0,0,0
9585,9585,0,0,0
9586,9586,0,0,0
9588,9588,0,0,0
9589,9589,0,0,0
9602,9602,0,1,8
9603,9603,0,0,8
9604,9604,0,1,8
9606,9606,0,1,8
9607,9607,0,1,8
9618,9618,0,0,0
9620,9620,0,0,0
9621,9621,0,0,0
9622,9622,0,0,0
9623,9623,0,0,0
9654,9654,0,0,0
9655,9655,48,0,0
9658,9658,42,0,0
9668,9668,0,0,0
9677,9677,0,0,8
9678,9678,0,0,8
9679,9679,0,0,8
9681,9681,0,0,8
9682,9682,0,0,8
9683,9683,0,0,8
9684,9684,0,0,8
9685,9685,0,0,8
9686,9686,0,0,0
9687,9687,0,0,0
9688,9688,0,0,0
9689,9689,0,0,8
9693,9693,0,0,8
9694,9694,0,0,8
9695,9695,0,0,8
9696,9696,0,0,8
9697,9697,0,0,8
9698,9698,0,0,8
9699,9699,0,0,8
9703,9703,0,0,8
9704,9704,0,0,8
9705,9705,0,0,0
9706,9706,0,0,8
9707,9707,24,0,0
9708,9708,0,0,8
9709,9709,0,0,8
9710,9710,0,0,8
9711,9711,0,0,8
9712,9712,0,0,8
9713,9713,0,0,8
9714,9714,24,0,0
9715,9715,0,0,8
9716,9716,24,0,0
9717,9717,60,0,0
9718,9718,0,0,8
9719,9719,0,0,8
9720,9720,0,0,8
9721,9721,0,0,0
9722,9722,0,0,0
9723,9723,0,0,8
9724,9724,0,0,8
9725,9725,0,0,8
9726,9726,0,0,8
9730,9730,0,0,0
9731,9731,0,0,0
9732,9732,0,0,0
9733,9733,0,0,0
9734,9734,0,0,0
9735,9735,0,0,0
9736,9736,0,0,0
9737,9737,0,0,0
9738,9738,0,0,0
9739,9739,0,0,0
9740,9740,0,0,0
9741,9741,0,0,0
9742,9742,0,0,0
9743,9743,0,0,0
9744,9744,0,0,0
9745,9745,0,0,0
9746,9746,0,0,0
9747,9747,0,0,0
9748,9748,0,0,0
9749,9749,0,0,0
9750,9750,0,0,0
9751,9751,0,0,0
9752,9752,0,0,0
9753,9753,0,0,0
9754,9754,0,0,0
9755,9755,0,0,0
9756,9756,0,0,0
9757,9757,0,0,0
9758,9758,0,0,0
9759,9759,0,0,0
9760,9760,0,0,0
9761,9761,0,0,0
9762,9762,0,0,0
9763,9763,0,0,0
9764,9764,0,0,0
9765,9765,0,0,0
9766,9766,0,0,0
9767,9767,0,0,0
9768,9768,0,0,0
9769,9769,0,0,0
9770,9770,0,0,0
9771,9771,0,0,0
9772,9772,0,0,0
9773,9773,0,0,0
9774,9774,0,0,0
9775,9775,0,0,0
9776,9776,0,0,0
9777,9777,0,0,0
9778,9778,0,0,0
9779,9779,0,0,0
9780,9780,0,0,0
9781,9781,0,0,0
9782,9782,0,0,0
9783,9783,0,0,0
9784,9784,0,0,0
9785,9785,0,0,0
9786,9786,0,0,8
9787,9787,0,0,8
9788,9788,0,0,8
9800,9800,0,0,0
9801,9801,0,0,0
9802,9802,0,0,0
9803,9803,0,0,0
9804,9804,0,0,0
9805,9805,0,0,0
9806,9806,0,0,0
9807,9807,0,0,0
9808,9808,0,0,0
9809,9809,0,0,0
9810,9810,0,0,0
9811,9811,0,0,0
9812,9812,0,0,0
9813,9813,0,0,0
9814,9814,0,0,0
9815,9815,0,0,0
9816,9816,0,0,0
9817,9817,0,0,0
9818,9818,0,0,0
9819,9819,0,0,0
9820,9820,0,0,0
9821,9821,0,0,0
9822,9822,0,0,0
9823,9823,0,0,0
9824,9824,0,0,0
9825,9825,0,0,0
9826,9826,0,0,0
9827,9827,0,0,0
9828,9828,0,0,0
9829,9829,0,0,0
9830,9830,0,0,0
9831,9831,0,0,0
9832,9832,0,0,0
9833,9833,0,0,0
9834,9834,0,0,0
9835,9835,0,0,0
9836,9836,0,0,0
9837,9837,0,0,0
9838,9838,0,0,0
9839,9839,0,0,0
9840,9840,0,0,0
9841,9841,0,0,0
9842,9842,0,0,0
9843,9843,0,0,0
9844,9844,0,0,0
9845,9845,0,0,0
9846,9846,0,0,0
9847,9847,0,0,0
9848,9848,0,0,0
9849,9849,0,0,0
9850,9850,0,0,0
9851,9851,0,0,0
9852,9852,0,0,0
9853,9853,0,0,0
9854,9854,0,0,0
9855,9855,0,0,0
9856,9856,0,0,0
9857,9857,0,0,0
9858,9858,0,0,0
9859,9859,0,0,0
9860,9860,0,0,0
9861,9861,0,0,0
9862,9862,0,0,0
9863,9863,0,0,0
9864,9864,0,0,0
9865,9865,0,0,0
9866,9866,0,0,0
9867,9867,0,0,0
9868,9868,0,0,0
9869,9869,0,0,0
9870,9870,0,0,0
9871,9871,0,0,0
9872,9872,0,0,0
9873,9873,0,0,0
9874,9874,0,0,0
9875,9875,0,0,0
9876,9876,0,0,0
9877,9877,0,0,0
9878,9878,0,0,0
9879,9879,0,0,0
9880,9880,0,0,0
9881,9881,0,0,0
9882,9882,0,0,0
9883,9883,0,0,0
9884,9884,0,0,0
9886,9886,0,0,0
9887,9887,0,0,0
9888,9888,0,0,0
9889,9889,0,0,0
9909,9909,12,1,1
9910,9910,12,1,1
9912,3256,18,0,1
9912,3598,18,1,1
9912,4737,6,0,1
9912,9912,18,1,1
9913,9913,18,1,1
9915,3598,18,0,1
9915,4702,6,0,1
9915,4737,6,0,1
9915,9911,18,1,1
9915,9914,18,1,1
9915,9915,18,1,1
9915,9919,18,1,1
9915,9920,18,1,1
9916,9916,18,1,1
9917,9917,18,1,1
9918,9918,18,1,1
9999,9999,0,1,0
